E_γ[eV]  opacity[cm^2/g]
1.0127e-1 4.6343e+4
1.0303e-1 4.4796e+4
1.0479e-1 4.1196e+4
1.0666e-1 3.6953e+4
1.0774e-1 3.2748e+4
1.0911e-1 3.0946e+4
1.0994e-1 2.8372e+4
1.1148e-1 2.5225e+4
1.1317e-1 2.3351e+4
1.1381e-1 2.1949e+4
1.1575e-1 2.0446e+4
1.1782e-1 1.9161e+4
1.1987e-1 1.8175e+4
1.2197e-1 1.7702e+4
1.2409e-1 1.7636e+4
1.2626e-1 1.7637e+4
1.2846e-1 1.7439e+4
1.3070e-1 1.7374e+4
1.3299e-1 1.6986e+4
1.3531e-1 1.6357e+4
1.3767e-1 1.5751e+4
1.4007e-1 1.5283e+4
1.4251e-1 1.4942e+4
1.4500e-1 1.5343e+4
1.4753e-1 1.6422e+4
1.4997e-1 1.7759e+4
1.5207e-1 2.0522e+4
1.5399e-1 2.3653e+4
1.5539e-1 2.7139e+4
1.5674e-1 3.0857e+4
1.5810e-1 3.5350e+4
1.5948e-1 4.0498e+4
1.6086e-1 4.6396e+4
1.6233e-1 5.2992e+4
1.6453e-1 6.0110e+4
1.6725e-1 6.5425e+4
1.7009e-1 6.0715e+4
1.7172e-1 5.3969e+4
1.7381e-1 4.7828e+4
1.7540e-1 4.2546e+4
1.7692e-1 3.7847e+4
1.7846e-1 3.3540e+4
1.8001e-1 2.9949e+4
1.8157e-1 2.7047e+4
1.8315e-1 2.4060e+4
1.8482e-1 2.1419e+4
1.8715e-1 1.8754e+4
1.8960e-1 1.6247e+4
1.9207e-1 1.4435e+4
1.9458e-1 1.3102e+4
1.9798e-1 1.1833e+4
2.0143e-1 1.0808e+4
2.0495e-1 1.0175e+4
2.0852e-1 9.7245e+3
2.1216e-1 9.5430e+3
2.1586e-1 9.5796e+3
2.1963e-1 9.9862e+3
2.2346e-1 1.0569e+4
2.2736e-1 1.1017e+4
2.3133e-1 1.0935e+4
2.3537e-1 1.0102e+4
2.3937e-1 9.0612e+3
2.4365e-1 8.6211e+3
2.4791e-1 8.7857e+3
2.5234e-1 9.4254e+3
2.5541e-1 1.0508e+4
2.5775e-1 1.2021e+4
2.5998e-1 1.3616e+4
2.6224e-1 1.5423e+4
2.6464e-1 1.7300e+4
2.6798e-1 1.8912e+4
2.7265e-1 1.8560e+4
2.7741e-1 1.8631e+4
2.8225e-1 1.9792e+4
2.8718e-1 1.9943e+4
2.9124e-1 1.7875e+4
2.9358e-1 1.5949e+4
2.9729e-1 1.4127e+4
3.0248e-1 1.3316e+4
3.0815e-1 1.3673e+4
3.1283e-1 1.5231e+4
3.1721e-1 1.7991e+4
3.1859e-1 2.1031e+4
3.2150e-1 2.3768e+4
3.2275e-1 2.7291e+4
3.2415e-1 3.0796e+4
3.2555e-1 3.4751e+4
3.2696e-1 3.9512e+4
3.2838e-1 4.4925e+4
3.2980e-1 5.0887e+4
3.3281e-1 5.7598e+4
3.3738e-1 5.6565e+4
3.3994e-1 4.9377e+4
3.4142e-1 4.3428e+4
3.4290e-1 3.8486e+4
3.4587e-1 3.2188e+4
3.4737e-1 2.7502e+4
3.5039e-1 2.3205e+4
3.5328e-1 1.9184e+4
3.5535e-1 1.6646e+4
3.5805e-1 1.4348e+4
3.6257e-1 1.2269e+4
3.6588e-1 1.0783e+4
3.6922e-1 9.6650e+3
3.7388e-1 8.6520e+3
3.7860e-1 7.9665e+3
3.8537e-1 7.5339e+3
3.9226e-1 7.8478e+3
3.9721e-1 8.8962e+3
4.0067e-1 1.0425e+4
4.0415e-1 1.2217e+4
4.0783e-1 1.4447e+4
4.1298e-1 1.6035e+4
4.1819e-1 1.7904e+4
4.2549e-1 1.7690e+4
4.2937e-1 1.5618e+4
4.3105e-1 1.3768e+4
4.3479e-1 1.1802e+4
4.3734e-1 1.0271e+4
4.4130e-1 9.0795e+3
4.4777e-1 8.3898e+3
4.4997e-1 7.6708e+3
4.5421e-1 6.8840e+3
4.5598e-1 6.0730e+3
4.6193e-1 5.2694e+3
4.6615e-1 4.7372e+3
4.7428e-1 4.6488e+3
4.8186e-1 5.0011e+3
4.8675e-1 5.9349e+3
4.9119e-1 6.8957e+3
4.9311e-1 7.9778e+3
4.9525e-1 9.1395e+3
4.9804e-1 1.0399e+4
5.0498e-1 1.0172e+4
5.0542e-1 8.8613e+3
5.0827e-1 7.6538e+3
5.1047e-1 6.6058e+3
5.1268e-1 5.7446e+3
5.1490e-1 4.9956e+3
5.1714e-1 4.4271e+3
5.1938e-1 3.9680e+3
5.2389e-1 3.4463e+3
5.2867e-1 2.9603e+3
5.3766e-1 2.7203e+3
5.4704e-1 2.5226e+3
5.5683e-1 2.5075e+3
5.6264e-1 2.5611e+3
5.6386e-1 2.9787e+3
5.6876e-1 3.6433e+3
5.7370e-1 4.3345e+3
5.7952e-1 5.1052e+3
5.8371e-1 5.9451e+3
5.8963e-1 6.7341e+3
5.9992e-1 7.0643e+3
6.0688e-1 6.7346e+3
6.0977e-1 6.0044e+3
6.2015e-1 6.1981e+3
6.3097e-1 6.2218e+3
6.4106e-1 6.4210e+3
6.4337e-1 7.1551e+3
6.4756e-1 8.1149e+3
6.4896e-1 1.0922e+4
6.5065e-1 9.8259e+3
6.5379e-1 1.2378e+4
6.5573e-1 1.5227e+4
6.6171e-1 1.7576e+4
6.7414e-1 1.7131e+4
6.8501e-1 1.7314e+4
6.8798e-1 1.5114e+4
6.9096e-1 1.3094e+4
6.9396e-1 1.1258e+4
6.9696e-1 1.0053e+4
7.0454e-1 9.7294e+3
7.0978e-1 1.1480e+4
7.1839e-1 1.1781e+4
7.1916e-1 1.0284e+4
7.2244e-1 8.8691e+3
7.3061e-1 7.8126e+3
7.3759e-1 6.8819e+3
7.4047e-1 5.9711e+3
7.4723e-1 5.1653e+3
7.5666e-1 4.5044e+3
7.5994e-1 3.8101e+3
7.6323e-1 3.3765e+3
7.6986e-1 3.1192e+3
7.8330e-1 3.0726e+3
7.9010e-1 2.7644e+3
8.0128e-1 2.6122e+3
8.0772e-1 2.3273e+3
8.2146e-1 2.2042e+3
8.2860e-1 2.0439e+3
8.4228e-1 2.2379e+3
8.5407e-1 2.4135e+3
8.6897e-1 2.3954e+3
8.7690e-1 2.0879e+3
8.8797e-1 1.7844e+3
9.0346e-1 1.7119e+3
9.1526e-1 1.8957e+3
9.2042e-1 2.2384e+3
9.2122e-1 2.8936e+3
9.2321e-1 2.6230e+3
9.2521e-1 3.7976e+3
9.2808e-1 3.2794e+3
9.3124e-1 4.2639e+3
9.3325e-1 4.9841e+3
9.3487e-1 5.5904e+3
9.4020e-1 6.6984e+3
9.5448e-1 6.5812e+3
9.7149e-1 7.2245e+3
9.8297e-1 7.9613e+3
9.8552e-1 8.8492e+3
9.8936e-1 1.0331e+4
9.9365e-1 1.1791e+4
9.9796e-1 1.3508e+4
1.0030e+0 1.5829e+4
1.0114e+0 1.8832e+4
1.0253e+0 1.9410e+4
1.0309e+0 1.7551e+4
1.0331e+0 1.5534e+4
1.0383e+0 1.3475e+4
1.0521e+0 1.6055e+4
1.0557e+0 1.4136e+4
1.0687e+0 1.6524e+4
1.0741e+0 1.3977e+4
1.0858e+0 1.4352e+4
1.0858e+0 1.6861e+4
1.0858e+0 1.8835e+4
1.0891e+0 2.2336e+4
1.0943e+0 2.6260e+4
1.1047e+0 2.5479e+4
1.1057e+0 1.7893e+4
1.1057e+0 2.1255e+4
1.1129e+0 1.5214e+4
1.1240e+0 1.5247e+4
1.1264e+0 1.8508e+4
1.1367e+0 2.2041e+4
1.1426e+0 2.4873e+4
1.1596e+0 2.3415e+4
1.1606e+0 2.7398e+4
1.1686e+0 2.1663e+4
1.1686e+0 3.0240e+4
1.1762e+0 1.8910e+4
1.1762e+0 2.5483e+4
1.1788e+0 2.1911e+4
1.1802e+0 1.5682e+4
1.1864e+0 1.3013e+4
1.1916e+0 1.1575e+4
1.2083e+0 1.0431e+4
1.2182e+0 1.1832e+4
1.2256e+0 8.4192e+3
1.2256e+0 9.6938e+3
1.2282e+0 7.3863e+3
1.2309e+0 6.3509e+3
1.2335e+0 5.5229e+3
1.2389e+0 4.6016e+3
1.2443e+0 3.9766e+3
1.2610e+0 4.4739e+3
1.2669e+0 4.1194e+3
1.2837e+0 4.6153e+3
1.2881e+0 3.9321e+3
1.2964e+0 4.5560e+3
1.2992e+0 3.3682e+3
1.3105e+0 3.0649e+3
1.3238e+0 3.6053e+3
1.3421e+0 3.3180e+3
1.3450e+0 3.6328e+3
1.3567e+0 4.6492e+3
1.3577e+0 4.0788e+3
1.3744e+0 3.8109e+3
1.3823e+0 4.5111e+3
1.3881e+0 5.2361e+3
1.4014e+0 4.6613e+3
1.4090e+0 5.3603e+3
1.4105e+0 6.2108e+3
1.4166e+0 6.7999e+3
1.4166e+0 7.6733e+3
1.4166e+0 8.6587e+3
1.4185e+0 9.8747e+3
1.4228e+0 1.1278e+4
1.4320e+0 6.7490e+3
1.4320e+0 9.6975e+3
1.4338e+0 5.5339e+3
1.4351e+0 7.2784e+3
1.4351e+0 8.2132e+3
1.4370e+0 4.5297e+3
1.4476e+0 3.8890e+3
1.4633e+0 3.6749e+3
1.4697e+0 4.2047e+3
1.4697e+0 5.4630e+3
1.4735e+0 4.8121e+3
1.4793e+0 6.1184e+3
1.4793e+0 7.1698e+3
1.4825e+0 7.8500e+3
1.4825e+0 8.8581e+3
1.4825e+0 1.1625e+4
1.4878e+0 1.0225e+4
1.4889e+0 1.2475e+4
1.4889e+0 1.4077e+4
1.4889e+0 1.9428e+4
1.4935e+0 1.6741e+4
1.4953e+0 2.0847e+4
1.5000e+0 2.4580e+4
1.5070e+0 2.8773e+4
1.5214e+0 2.0953e+4
1.5247e+0 2.3422e+4
1.5324e+0 2.9360e+4
1.5446e+0 3.5820e+4
1.5446e+0 4.0420e+4
1.5457e+0 4.7129e+4
1.5463e+0 3.1267e+4
1.5480e+0 5.2649e+4
1.5547e+0 2.5372e+4
1.5614e+0 3.8924e+4
1.5614e+0 4.3923e+4
1.5648e+0 2.8452e+4
1.5648e+0 3.2966e+4
1.5682e+0 2.4742e+4
1.5739e+0 2.2204e+4
1.5750e+0 1.6707e+4
1.5750e+0 1.8853e+4
1.5784e+0 1.4918e+4
1.5835e+0 1.2827e+4
1.5841e+0 1.0252e+4
1.5852e+0 1.1281e+4
1.5936e+0 8.9365e+3
1.6059e+0 1.0461e+4
1.6094e+0 9.1317e+3
1.6129e+0 1.2352e+4
1.6220e+0 1.4629e+4
1.6257e+0 1.6541e+4
1.6269e+0 1.9045e+4
1.6375e+0 1.2353e+4
1.6411e+0 1.0621e+4
1.6422e+0 1.4807e+4
1.6503e+0 9.4408e+3
1.6632e+0 8.4938e+3
1.6733e+0 7.1720e+3
1.6769e+0 6.2369e+3
1.6806e+0 8.0932e+3
1.6864e+0 5.5986e+3
1.6952e+0 4.7945e+3
1.6966e+0 4.1141e+3
1.7025e+0 3.5804e+3
1.7025e+0 5.4650e+3
1.7062e+0 3.1018e+3
1.7136e+0 2.5682e+3
1.7232e+0 2.2351e+3
1.7454e+0 2.3547e+3
1.7473e+0 2.6471e+3
1.7510e+0 3.1099e+3
1.7739e+0 3.4049e+3
1.7778e+0 2.8693e+3
1.7793e+0 2.4845e+3
1.7839e+0 2.1298e+3
1.7932e+0 1.5370e+3
1.7948e+0 1.8093e+3
1.7971e+0 1.3776e+3
1.8025e+0 9.7994e+2
1.8025e+0 1.1571e+3
1.8110e+0 8.0630e+2
1.8206e+0 6.7739e+2
1.8284e+0 5.9578e+2
1.8515e+0 5.1655e+2
1.8684e+0 4.6614e+2
1.9010e+0 4.8900e+2
1.9120e+0 5.7594e+2
1.9175e+0 6.7492e+2
1.9300e+0 4.8048e+2
1.9342e+0 4.1469e+2
1.9342e+0 5.5882e+2
1.9426e+0 3.5926e+2
1.9510e+0 3.1361e+2
1.9609e+0 2.8897e+2
1.9869e+0 2.6547e+2
2.0095e+0 2.6131e+2
2.0206e+0 3.0361e+2
2.0311e+0 3.5312e+2
2.0372e+0 4.1162e+2
2.0487e+0 4.7478e+2
2.0668e+0 5.4915e+2
2.0971e+0 5.8838e+2
2.1117e+0 5.4231e+2
2.1319e+0 4.5931e+2
2.1337e+0 3.9018e+2
2.1365e+0 5.3419e+2
2.1388e+0 2.8977e+2
2.1411e+0 3.3956e+2
2.1531e+0 2.4727e+2
2.1644e+0 2.2080e+2
2.1927e+0 2.6137e+2
2.2069e+0 2.9867e+2
2.2117e+0 3.4045e+2
2.2223e+0 4.0830e+2
2.2319e+0 4.8797e+2
2.2552e+0 5.5622e+2
2.2650e+0 4.7346e+2
2.2797e+0 3.7324e+2
2.2797e+0 4.1018e+2
2.3145e+0 3.4654e+2
2.3145e+0 3.9104e+2
2.3195e+0 3.0556e+2
2.3265e+0 2.6272e+2
2.3326e+0 2.2318e+2
2.3498e+0 1.8988e+2
2.3702e+0 1.6638e+2
2.3918e+0 1.8733e+2
2.4011e+0 2.1754e+2
2.4314e+0 2.3285e+2
2.4325e+0 2.6675e+2
2.4547e+0 2.0573e+2
2.4643e+0 1.8013e+2
2.4857e+0 1.3777e+2
2.4893e+0 1.5963e+2
2.4964e+0 1.2679e+2
2.5280e+0 1.4276e+2
2.5290e+0 1.6329e+2
2.5290e+0 1.8427e+2
2.5290e+0 2.0793e+2
2.5645e+0 1.2728e+2
2.5788e+0 1.5029e+2
2.6012e+0 1.5029e+2
2.6068e+0 1.2609e+2
2.6068e+0 1.6208e+2
2.6215e+0 1.0748e+2
2.6638e+0 9.6625e+1
2.6676e+0 1.1056e+2
2.6894e+0 1.3728e+2
2.6927e+0 1.6833e+2
2.7077e+0 1.0804e+2
2.7161e+0 1.2923e+2
2.7161e+0 1.4583e+2
2.7363e+0 9.1706e+1
2.7815e+0 8.6940e+1
2.7851e+0 9.7884e+1
2.8288e+0 1.2693e+2
2.8301e+0 9.8854e+1
2.8301e+0 1.1113e+2
2.8321e+0 9.0404e+1
2.8732e+0 8.8604e+1
2.8768e+0 9.9339e+1
2.8982e+0 1.1570e+2
2.8982e+0 1.2926e+2
2.9057e+0 1.4852e+2
2.9107e+0 1.6964e+2
2.9107e+0 1.8573e+2
2.9107e+0 2.0958e+2
2.9107e+0 2.3650e+2
2.9158e+0 3.0665e+2
2.9170e+0 2.6890e+2
2.9297e+0 3.5558e+2
2.9297e+0 4.0125e+2
2.9297e+0 4.6902e+2
2.9641e+0 3.2088e+2
2.9744e+0 3.6650e+2
2.9744e+0 3.9925e+2
2.9808e+0 4.5109e+2
2.9808e+0 5.0711e+2
2.9836e+0 5.9811e+2
2.9937e+0 7.0166e+2
2.9937e+0 7.5670e+2
2.9937e+0 8.7566e+2
3.0263e+0 2.8929e+2
3.0263e+0 3.2644e+2
3.0263e+0 3.6836e+2
3.0263e+0 4.1567e+2
3.0263e+0 4.6906e+2
3.0263e+0 5.2930e+2
3.0263e+0 6.1250e+2
3.0263e+0 7.4538e+2
3.0289e+0 2.2333e+2
3.0328e+0 2.5316e+2
3.0394e+0 1.5340e+2
3.0394e+0 1.7311e+2
3.0394e+0 1.9534e+2
3.0460e+0 1.3680e+2
3.0592e+0 1.0623e+2
3.0631e+0 1.2243e+2
3.0747e+0 9.5091e+1
3.0924e+0 1.6966e+2
3.0991e+0 1.8576e+2
3.1036e+0 1.5035e+2
3.1058e+0 1.2798e+2
3.1126e+0 1.1370e+2
3.1227e+0 9.7029e+1
3.1238e+0 7.7750e+1
3.1261e+0 8.5339e+1
3.1437e+0 7.1086e+1
3.1669e+0 9.5578e+1
3.1737e+0 8.4700e+1
3.1806e+0 6.2618e+1
3.1806e+0 7.3935e+1
3.2082e+0 5.3571e+1
3.2544e+0 4.8735e+1
3.2855e+0 4.8442e+1
3.3069e+0 5.2243e+1
3.3092e+0 6.0152e+1
3.3140e+0 9.8520e+1
3.3212e+0 7.0136e+1
3.3212e+0 8.2189e+1
3.3428e+0 6.0762e+1
3.3500e+0 5.3847e+1
3.3660e+0 4.6721e+1
3.4085e+0 4.7005e+1
3.4233e+0 6.4550e+1
3.4264e+0 5.4552e+1
3.4307e+0 7.0673e+1
3.4431e+0 8.1578e+1
3.4530e+0 9.1363e+1
3.4562e+0 1.0467e+2
3.4725e+0 1.2247e+2
3.5057e+0 8.3872e+1
3.5133e+0 1.3429e+2
3.5133e+0 1.5154e+2
3.5133e+0 1.7100e+2
3.5133e+0 2.4021e+2
3.5165e+0 9.7899e+1
3.5165e+0 2.0169e+2
3.5285e+0 1.1723e+2
3.5515e+0 1.3329e+2
3.5515e+0 1.5040e+2
3.5515e+0 1.6972e+2
3.5592e+0 1.0467e+2
3.5669e+0 9.2761e+1
3.5699e+0 7.0680e+1
3.5746e+0 8.0972e+1
3.5901e+0 5.6780e+1
3.5947e+0 6.4558e+1
3.6370e+0 7.7388e+1
3.6422e+0 9.0006e+1
3.6448e+0 5.5231e+1
3.6527e+0 6.0091e+1
3.6575e+0 6.8997e+1
3.7004e+0 8.2834e+1
3.7020e+0 9.4466e+1
3.7044e+0 6.4320e+1
3.7213e+0 7.3741e+1
3.7569e+0 1.7495e+2
3.7650e+0 8.7335e+1
3.7650e+0 9.8551e+1
3.7650e+0 1.1121e+2
3.7650e+0 1.2549e+2
3.7650e+0 1.8867e+2
3.7685e+0 1.4849e+2
3.7825e+0 7.5093e+1
3.8224e+0 6.9896e+1
3.8307e+0 8.2218e+1
3.8307e+0 9.1387e+1
3.8307e+0 1.0312e+2
3.8357e+0 1.1814e+2
3.8445e+0 1.3065e+2
3.8529e+0 1.5043e+2
3.8690e+0 1.7182e+2
3.8976e+0 1.9893e+2
3.8976e+0 2.2448e+2
3.8976e+0 2.5331e+2
3.9012e+0 3.0007e+2
3.9026e+0 1.1958e+2
3.9144e+0 3.5583e+2
3.9144e+0 4.0153e+2
3.9144e+0 4.5310e+2
3.9144e+0 5.1130e+2
3.9195e+0 1.3741e+2
3.9272e+0 1.7497e+2
3.9286e+0 1.5350e+2
3.9399e+0 2.0974e+2
3.9399e+0 2.3667e+2
3.9399e+0 2.6707e+2
3.9399e+0 3.0137e+2
3.9433e+0 8.1976e+1
3.9485e+0 9.6598e+1
3.9713e+0 7.2867e+1
3.9713e+0 1.1638e+2
3.9914e+0 1.3332e+2
4.0174e+0 8.3479e+1
4.0211e+0 9.8567e+1
4.0211e+0 1.5982e+2
4.0261e+0 1.9745e+2
4.0348e+0 7.4540e+1
4.0435e+0 1.1464e+2
4.0479e+0 1.3233e+2
4.0540e+0 6.4188e+1
4.0610e+0 8.7351e+1
4.0610e+0 9.8570e+1
4.0610e+0 1.5982e+2
4.0645e+0 4.6602e+1
4.0654e+0 5.4281e+1
4.0875e+0 3.6378e+1
4.0928e+0 4.2054e+1
4.1141e+0 7.2325e+1
4.1230e+0 3.4505e+1
4.1408e+0 5.0717e+1
4.1447e+0 6.0013e+1
4.1618e+0 3.7119e+1
4.1626e+0 4.2862e+1
4.1768e+0 6.9648e+1
4.1768e+0 7.8593e+1
4.1828e+0 9.0948e+1
4.1859e+0 1.5508e+2
4.1949e+0 1.3743e+2
4.2040e+0 1.0685e+2
4.2040e+0 1.2057e+2
4.2131e+0 5.1104e+1
4.2192e+0 5.9585e+1
4.2222e+0 3.9831e+1
4.2222e+0 4.4947e+1
4.2222e+0 9.2800e+1
4.2314e+0 3.5298e+1
4.2314e+0 7.1786e+1
4.2314e+0 8.1006e+1
4.2359e+0 3.0465e+1
4.2681e+0 2.6360e+1
4.3220e+0 2.3550e+1
4.3993e+0 2.2103e+1
4.4761e+0 2.0808e+1
4.5542e+0 1.9663e+1
4.6337e+0 1.8793e+1
4.7145e+0 1.8029e+1
4.7968e+0 1.7296e+1
4.8805e+0 1.6719e+1
4.9657e+0 1.6161e+1
5.0523e+0 1.5681e+1
5.1405e+0 1.5389e+1
5.2280e+0 1.5204e+1
5.3215e+0 1.4932e+1
5.4214e+0 1.4753e+1
5.5088e+0 1.5103e+1
5.5447e+0 1.7108e+1
5.6050e+0 1.4599e+1
5.6782e+0 1.3102e+1
5.7773e+0 1.2939e+1
5.8835e+0 1.3094e+1
5.9548e+0 1.4492e+1
5.9884e+0 1.2959e+1
6.0588e+0 1.1642e+1
6.0907e+0 1.3095e+1
6.1912e+0 1.2965e+1
6.2136e+0 1.1850e+1
6.2225e+0 2.0104e+1
6.2315e+0 1.7113e+1
6.2450e+0 1.5051e+1
6.3074e+0 1.3040e+1
6.3265e+0 1.1599e+1
6.3953e+0 1.5052e+1
6.4092e+0 1.3040e+1
6.4369e+0 1.1469e+1
6.4957e+0 1.0057e+1
6.5919e+0 1.0989e+1
6.6033e+0 9.6120e+0
6.6925e+0 9.0079e+0
6.7945e+0 8.9405e+0
6.8181e+0 9.8182e+0
6.8833e+0 1.0557e+1
6.9191e+0 9.0770e+0
6.9671e+0 8.3158e+0
7.0236e+0 9.7402e+0
7.0795e+0 8.1668e+0
7.1927e+0 8.1671e+0
7.2437e+0 9.4416e+0
7.2656e+0 1.0244e+1
7.2656e+0 1.1301e+1
7.2724e+0 1.3329e+1
7.2814e+0 1.6361e+1
7.2814e+0 1.9910e+1
7.3605e+0 8.6926e+0
7.3605e+0 1.0244e+1
7.3978e+0 7.8848e+0
7.4959e+0 8.8850e+0
7.5052e+0 1.0559e+1
7.5052e+0 1.2280e+1
7.5649e+0 7.6892e+0
7.6693e+0 8.2303e+0
7.6759e+0 7.0233e+0
7.7192e+0 6.4150e+0
7.8612e+0 6.5410e+0
7.9806e+0 6.2813e+0
8.1279e+0 6.2518e+0
8.1833e+0 9.3592e+0
8.1904e+0 8.0472e+0
8.2069e+0 6.9192e+0
8.2842e+0 6.3358e+0
8.4166e+0 6.2254e+0
8.4288e+0 7.1319e+0
8.5081e+0 6.8161e+0
8.5265e+0 8.5492e+0
8.5376e+0 9.7645e+0
8.5746e+0 7.5080e+0
8.6006e+0 1.1136e+1
8.6068e+0 1.3315e+1
8.6753e+0 8.4215e+0
8.6878e+0 9.8439e+0
8.7192e+0 7.3143e+0
8.7696e+0 1.0249e+1
8.7886e+0 8.8121e+0
8.7924e+0 6.3208e+0
8.8077e+0 7.5768e+0
8.8382e+0 5.6355e+0
8.9162e+0 4.9020e+0
8.9808e+0 5.7301e+0
9.0504e+0 4.9643e+0
9.1507e+0 4.5229e+0
9.2654e+0 5.2737e+0
9.2768e+0 6.3217e+0
9.3090e+0 4.4129e+0
9.4469e+0 4.2688e+0
9.5207e+0 4.0186e+0
9.6729e+0 3.7832e+0
9.6749e+0 4.3340e+0
9.8346e+0 3.7549e+0
