E_γ[eV]  opacity[cm^2/g]
1.0087e-1 6.1485e+1
1.0087e-1 7.0849e+1
1.0088e-1 8.2123e+1
1.0088e-1 9.5191e+1
1.0088e-1 1.1365e+2
1.0088e-1 1.3095e+2
1.0088e-1 1.5090e+2
1.0135e-1 5.2629e+1
1.0143e-1 3.2440e+1
1.0144e-1 3.6888e+1
1.0144e-1 4.4628e+1
1.0191e-1 2.6111e+1
1.0268e-1 2.3477e+1
1.0288e-1 5.8648e+1
1.0317e-1 3.1730e+1
1.0317e-1 3.5920e+1
1.0317e-1 4.4431e+1
1.0317e-1 5.1502e+1
1.0346e-1 2.7053e+1
1.0374e-1 1.1556e+1
1.0374e-1 1.3316e+1
1.0374e-1 1.5344e+1
1.0374e-1 1.7681e+1
1.0375e-1 2.0495e+1
1.0403e-1 9.6797e+0
1.0404e-1 2.3477e+1
1.0432e-1 7.0989e+0
1.0432e-1 8.2042e+0
1.0491e-1 6.2155e+0
1.0580e-1 5.8245e+0
1.0700e-1 7.3551e+0
1.0822e-1 8.6269e+0
1.0863e-1 1.0432e+1
1.0884e-1 1.2853e+1
1.0884e-1 1.4811e+1
1.0884e-1 1.7066e+1
1.0885e-1 1.9665e+1
1.0885e-1 2.2660e+1
1.0885e-1 2.6112e+1
1.0885e-1 3.0088e+1
1.0885e-1 3.4671e+1
1.0917e-1 4.6036e+1
1.0917e-1 5.3047e+1
1.0917e-1 6.1126e+1
1.0917e-1 7.0436e+1
1.0927e-1 3.8560e+1
1.1165e-1 2.0739e+1
1.1176e-1 2.4907e+1
1.1196e-1 1.5165e+1
1.1196e-1 1.7475e+1
1.1227e-1 1.2853e+1
1.1259e-1 1.0894e+1
1.1322e-1 9.0713e+0
1.1354e-1 7.7570e+0
1.1450e-1 6.3833e+0
1.1515e-1 5.1758e+0
1.1745e-1 4.5586e+0
1.1844e-1 3.7624e+0
1.1866e-1 3.0778e+0
1.1933e-1 2.6241e+0
1.2080e-1 2.2942e+0
1.2356e-1 2.1851e+0
1.2638e-1 2.0537e+0
1.2926e-1 1.8466e+0
1.3222e-1 1.6531e+0
1.3524e-1 1.5196e+0
1.3856e-1 1.4903e+0
1.4029e-1 1.8143e+0
1.4069e-1 2.1469e+0
1.4070e-1 2.4739e+0
1.4070e-1 2.8507e+0
1.4070e-1 3.2848e+0
1.4071e-1 3.7851e+0
1.4150e-1 4.3423e+0
1.4151e-1 4.8940e+0
1.4151e-1 5.6394e+0
1.4151e-1 6.4983e+0
1.4153e-1 1.3319e+1
1.4153e-1 1.5348e+1
1.4153e-1 1.7685e+1
1.4153e-1 2.0378e+1
1.4154e-1 2.3482e+1
1.4169e-1 7.9068e+0
1.4192e-1 9.7968e+0
1.4192e-1 1.1289e+1
1.4392e-1 3.2272e+0
1.4392e-1 3.7187e+0
1.4392e-1 4.2850e+0
1.4392e-1 4.9377e+0
1.4393e-1 5.6897e+0
1.4393e-1 6.5562e+0
1.4393e-1 7.5547e+0
1.4432e-1 2.7353e+0
1.4530e-1 2.3293e+0
1.4554e-1 2.1093e+0
1.4912e-1 2.6183e+0
1.5098e-1 2.1218e+0
1.5099e-1 2.5182e+0
1.5127e-1 1.7984e+0
1.5313e-1 1.6679e+0
1.5663e-1 1.7590e+0
1.6021e-1 1.8633e+0
1.6249e-1 2.1726e+0
1.6341e-1 2.6208e+0
1.6388e-1 3.1708e+0
1.6388e-1 3.6537e+0
1.6388e-1 4.2101e+0
1.6389e-1 4.8514e+0
1.6454e-1 5.7510e+0
1.6482e-1 7.0384e+0
1.6483e-1 8.1103e+0
1.6483e-1 9.3455e+0
1.6483e-1 1.0769e+1
1.6484e-1 1.2409e+1
1.6530e-1 1.4555e+1
1.6577e-1 1.6404e+1
1.6578e-1 1.8819e+1
1.6578e-1 2.1685e+1
1.6599e-1 2.6385e+1
1.6846e-1 3.1554e+1
1.6894e-1 3.6900e+1
1.6911e-1 4.6597e+1
1.6930e-1 5.6159e+1
1.6933e-1 2.3381e+1
1.6958e-1 4.2899e+1
1.6973e-1 2.7383e+1
1.7081e-1 1.8919e+1
1.7102e-1 3.2308e+1
1.7102e-1 3.7229e+1
1.7148e-1 1.3559e+1
1.7149e-1 1.5624e+1
1.7196e-1 1.1424e+1
1.7245e-1 9.6830e+0
1.7342e-1 8.1106e+0
1.7424e-1 7.4669e+0
1.7688e-1 9.0206e+0
1.8042e-1 9.5132e+0
1.8402e-1 9.9442e+0
1.8674e-1 1.0924e+1
1.8893e-1 9.1282e+0
1.8928e-1 8.0395e+0
1.8963e-1 6.0014e+0
1.8982e-1 7.0391e+0
1.9106e-1 5.1168e+0
1.9142e-1 4.2606e+0
1.9195e-1 3.6218e+0
1.9402e-1 3.1044e+0
1.9857e-1 3.2711e+0
2.0311e-1 3.8367e+0
2.0484e-1 4.3370e+0
2.0717e-1 5.0495e+0
2.0835e-1 6.1817e+0
2.0894e-1 7.1654e+0
2.0895e-1 8.2566e+0
2.1013e-1 9.5564e+0
2.1014e-1 1.0866e+1
2.1014e-1 1.3012e+1
2.1074e-1 1.5626e+1
2.1403e-1 1.1359e+1
2.1535e-1 1.3561e+1
2.1801e-1 1.7150e+1
2.1925e-1 2.0872e+1
2.2049e-1 2.4626e+1
2.2175e-1 2.9400e+1
2.2301e-1 3.4893e+1
2.2428e-1 4.1413e+1
2.2555e-1 4.9150e+1
2.2619e-1 5.6971e+1
2.2812e-1 6.8622e+1
2.2942e-1 8.4631e+1
2.3073e-1 1.0044e+2
2.3204e-1 1.1851e+2
2.3336e-1 1.3982e+2
2.3468e-1 1.6595e+2
2.3602e-1 1.9695e+2
2.3736e-1 2.3238e+2
2.3871e-1 2.7417e+2
2.4007e-1 3.2348e+2
2.4143e-1 3.8166e+2
2.4280e-1 4.4765e+2
2.4419e-1 5.2196e+2
2.4557e-1 6.0146e+2
2.4697e-1 6.9306e+2
2.4837e-1 7.9862e+2
2.4908e-1 9.0409e+2
2.5120e-1 1.1484e+3
2.5407e-1 1.4332e+3
2.5551e-1 1.7111e+3
2.5842e-1 2.1165e+3
2.5989e-1 2.5119e+3
2.6285e-1 3.0436e+3
2.6584e-1 3.7536e+3
2.6735e-1 4.3509e+3
2.7039e-1 5.1792e+3
2.7347e-1 6.1833e+3
2.7658e-1 7.2525e+3
2.7920e-1 8.2833e+3
2.8291e-1 9.7732e+3
2.8613e-1 1.1328e+4
2.9103e-1 1.3054e+4
2.9684e-1 1.4669e+4
3.0363e-1 1.5677e+4
3.1056e-1 1.5608e+4
3.1765e-1 1.4541e+4
3.2399e-1 1.3055e+4
3.2952e-1 1.1397e+4
3.3514e-1 9.8322e+3
3.4086e-1 8.3335e+3
3.4408e-1 7.3614e+3
3.4864e-1 6.2949e+3
3.5259e-1 5.4629e+3
3.5861e-1 4.7270e+3
3.6199e-1 4.1756e+3
3.6991e-1 3.8159e+3
3.7837e-1 4.1327e+3
3.8375e-1 4.8259e+3
3.8812e-1 5.7615e+3
3.9254e-1 6.9091e+3
3.9701e-1 8.2487e+3
4.0153e-1 9.6322e+3
4.0609e-1 1.1248e+4
4.1421e-1 1.3369e+4
4.2368e-1 1.4351e+4
4.3335e-1 1.3370e+4
4.4199e-1 1.1466e+4
4.4449e-1 1.0189e+4
4.4953e-1 8.9738e+3
4.5463e-1 7.6510e+3
4.5978e-1 6.4086e+3
4.6499e-1 5.2737e+3
4.7026e-1 4.3784e+3
4.7559e-1 3.6350e+3
4.8098e-1 3.0448e+3
4.8643e-1 2.5504e+3
4.9195e-1 2.1362e+3
4.9752e-1 1.7894e+3
5.0316e-1 1.4922e+3
5.0886e-1 1.2117e+3
5.1463e-1 9.7961e+2
5.2046e-1 7.7806e+2
5.2635e-1 6.0712e+2
5.2932e-1 5.0405e+2
5.3231e-1 4.3743e+2
5.3833e-1 3.2944e+2
5.4137e-1 2.7923e+2
5.4442e-1 2.3527e+2
5.4749e-1 1.9823e+2
5.5058e-1 1.6604e+2
5.5213e-1 1.4199e+2
5.5681e-1 1.1684e+2
5.5995e-1 9.4181e+1
5.6310e-1 7.7502e+1
5.6415e-1 6.4534e+1
5.6787e-1 5.3816e+1
5.7107e-1 4.3508e+1
5.7428e-1 3.5174e+1
5.7752e-1 2.8311e+1
5.8077e-1 2.2486e+1
5.8404e-1 1.7939e+1
5.8734e-1 1.4502e+1
5.9120e-1 1.2058e+1
5.9566e-1 9.8642e+0
6.0411e-1 8.1534e+0
6.1502e-1 9.0815e+0
6.1968e-1 1.0041e+1
6.2320e-1 1.1777e+1
6.2675e-1 1.4567e+1
6.3031e-1 1.7703e+1
6.3390e-1 2.2190e+1
6.3751e-1 2.7448e+1
6.4114e-1 3.4102e+1
6.4479e-1 4.2937e+1
6.4846e-1 5.4060e+1
6.5215e-1 6.8064e+1
6.5586e-1 8.5697e+1
6.5960e-1 1.0790e+2
6.6335e-1 1.3525e+2
6.6713e-1 1.6729e+2
6.7093e-1 2.0693e+2
6.7475e-1 2.5710e+2
6.7859e-1 3.2949e+2
6.8244e-1 3.7633e+2
6.8633e-1 4.7242e+2
6.9023e-1 5.7750e+2
6.9416e-1 6.9765e+2
6.9811e-1 8.4780e+2
7.0208e-1 1.0122e+3
7.0607e-1 1.2084e+3
7.1009e-1 1.4427e+3
7.1413e-1 1.7122e+3
7.1819e-1 2.0202e+3
7.2227e-1 2.3555e+3
7.2637e-1 2.7628e+3
7.3050e-1 3.1836e+3
7.3465e-1 3.6685e+3
7.3883e-1 4.2272e+3
7.4302e-1 4.8710e+3
7.4725e-1 5.7132e+3
7.5150e-1 6.7807e+3
7.6005e-1 8.0003e+3
7.6871e-1 1.0623e+4
7.7746e-1 1.2795e+4
7.8631e-1 1.5208e+4
7.9526e-1 1.7603e+4
8.0431e-1 2.0707e+4
8.1807e-1 2.3861e+4
8.3441e-1 2.6814e+4
8.5348e-1 2.8153e+4
8.7298e-1 2.8154e+4
8.9292e-1 2.8913e+4
9.1333e-1 3.0627e+4
9.3421e-1 3.4063e+4
9.5556e-1 3.7551e+4
9.7740e-1 3.8223e+4
9.9690e-1 3.5242e+4
1.0101e+0 3.0765e+4
1.0216e+0 2.7016e+4
1.0312e+0 2.3377e+4
1.0400e+0 2.0287e+4
1.0488e+0 1.5690e+4
1.0488e+0 1.7144e+4
1.0567e+0 1.3457e+4
1.0626e+0 1.1678e+4
1.0686e+0 1.0135e+4
1.0747e+0 8.7434e+3
1.0817e+0 7.7235e+3
1.0848e+0 6.6240e+3
1.0909e+0 5.5484e+3
1.0971e+0 4.7026e+3
1.1032e+0 3.7351e+3
1.1095e+0 3.1471e+3
1.1157e+0 2.5897e+3
1.1178e+0 2.1564e+3
1.1251e+0 1.7983e+3
1.1326e+0 1.5219e+3
1.1368e+0 1.1667e+3
1.1443e+0 9.1306e+2
1.1443e+0 1.0428e+3
1.1507e+0 7.5136e+2
1.1572e+0 5.9942e+2
1.1637e+0 4.8246e+2
1.1703e+0 3.8319e+2
1.1769e+0 3.0435e+2
1.1835e+0 2.4173e+2
1.1902e+0 1.9285e+2
1.2003e+0 1.5522e+2
1.2070e+0 1.2586e+2
1.2276e+0 1.1934e+2
1.2346e+0 1.3752e+2
1.2416e+0 1.6589e+2
1.2487e+0 2.1166e+2
1.2558e+0 2.7367e+2
1.2630e+0 3.4763e+2
1.2630e+0 3.8662e+2
1.2702e+0 4.6363e+2
1.2774e+0 5.9155e+2
1.2847e+0 7.4479e+2
1.2883e+0 8.8918e+2
1.2979e+0 1.2146e+3
1.2993e+0 1.0616e+3
1.3068e+0 1.5957e+3
1.3142e+0 2.0091e+3
1.3179e+0 2.3986e+3
1.3292e+0 3.0876e+3
1.3368e+0 3.8362e+3
1.3444e+0 4.8157e+3
1.3520e+0 5.7493e+3
1.3597e+0 6.9047e+3
1.3674e+0 8.2921e+3
1.3752e+0 9.8414e+3
1.3830e+0 1.1340e+4
1.3929e+0 1.3321e+4
1.4008e+0 1.5763e+4
1.4147e+0 1.9412e+4
1.4308e+0 2.3695e+4
1.4471e+0 2.7792e+4
1.4760e+0 3.3327e+4
1.5098e+0 3.4225e+4
1.5399e+0 3.0593e+4
1.5573e+0 2.5891e+4
1.5750e+0 2.1401e+4
1.5928e+0 1.6997e+4
1.6018e+0 1.4112e+4
1.6109e+0 1.2032e+4
1.6199e+0 1.0258e+4
1.6291e+0 8.6944e+3
1.6360e+0 7.1652e+3
1.6413e+0 6.0283e+3
1.6549e+0 4.9257e+3
1.6599e+0 3.9634e+3
1.6708e+0 3.4804e+3
1.6755e+0 2.9674e+3
1.6786e+0 2.4855e+3
1.6913e+0 2.1191e+3
1.7040e+0 1.6831e+3
1.7233e+0 1.2235e+3
1.7330e+0 1.0618e+3
1.7527e+0 9.0127e+2
1.7725e+0 7.7869e+2
1.7926e+0 6.6686e+2
1.8129e+0 5.5857e+2
1.8335e+0 4.1758e+2
1.8438e+0 3.5603e+2
1.8542e+0 3.0176e+2
1.8594e+0 2.5957e+2
1.8699e+0 2.1455e+2
1.8804e+0 1.7345e+2
1.8910e+0 1.3961e+2
1.9035e+0 1.1320e+2
1.9070e+0 9.3703e+1
1.9106e+0 7.6203e+1
1.9213e+0 5.7391e+1
1.9232e+0 6.8113e+1
1.9321e+0 4.2968e+1
1.9340e+0 5.1298e+1
1.9448e+0 3.2939e+1
1.9448e+0 3.7956e+1
1.9503e+0 2.8250e+1
1.9557e+0 2.3944e+1
1.9612e+0 2.0414e+1
1.9667e+0 1.7405e+1
1.9723e+0 1.4665e+1
1.9778e+0 1.2430e+1
1.9833e+0 1.0535e+1
1.9889e+0 8.8764e+0
1.9945e+0 7.5680e+0
1.9982e+0 6.2646e+0
2.0114e+0 5.5012e+0
2.0170e+0 4.6903e+0
2.0284e+0 3.9989e+0
2.0572e+0 3.5168e+0
2.1042e+0 3.8597e+0
2.1463e+0 4.4740e+0
2.1830e+0 5.2476e+0
2.2203e+0 6.1459e+0
2.2583e+0 7.3375e+0
2.2970e+0 8.7730e+0
2.3231e+0 1.0169e+1
2.3562e+0 1.1580e+1
2.3897e+0 1.3503e+1
2.4306e+0 1.5744e+1
2.4722e+0 1.8142e+1
2.5144e+0 2.0660e+1
2.5647e+0 2.3217e+1
2.6233e+0 2.5481e+1
2.6833e+0 2.6872e+1
2.7369e+0 2.9799e+1
2.7524e+0 3.4746e+1
2.7525e+0 3.8643e+1
2.7681e+0 4.5931e+1
2.7760e+0 5.4112e+1
2.7839e+0 6.6050e+1
2.7840e+0 7.8506e+1
2.7919e+0 8.5780e+1
2.7998e+0 1.0378e+2
2.8078e+0 1.2226e+2
2.8079e+0 1.4089e+2
2.8159e+0 1.6970e+2
2.8239e+0 2.0081e+2
2.8320e+0 2.4295e+2
2.8400e+0 2.8622e+2
2.8401e+0 3.2981e+2
2.8563e+0 4.0436e+2
2.8644e+0 4.8062e+2
2.8807e+0 5.9537e+2
2.9135e+0 7.1925e+2
2.9382e+0 5.9714e+2
2.9548e+0 4.9139e+2
2.9714e+0 3.9029e+2
2.9881e+0 2.4840e+2
2.9881e+0 2.8623e+2
2.9964e+0 2.0929e+2
3.0019e+0 1.3125e+2
3.0048e+0 1.5394e+2
3.0048e+0 1.7739e+2
3.0216e+0 8.1343e+1
3.0216e+0 9.3732e+1
3.0245e+0 1.1190e+2
3.0300e+0 6.9763e+1
3.0355e+0 4.2981e+1
3.0385e+0 5.1314e+1
3.0385e+0 5.9129e+1
3.0555e+0 2.9105e+1
3.0555e+0 3.3538e+1
3.0556e+0 3.8646e+1
3.0597e+0 2.4057e+1
3.0726e+0 1.8038e+1
3.0726e+0 2.0785e+1
3.0812e+0 1.6076e+1
3.0899e+0 1.4075e+1
3.0985e+0 1.2287e+1
3.1425e+0 1.0096e+1
3.2143e+0 9.1185e+0
3.2877e+0 9.3642e+0
3.3629e+0 1.0415e+1
3.4398e+0 1.1843e+1
3.5184e+0 1.2657e+1
3.5987e+0 1.2162e+1
3.6705e+0 1.0664e+1
3.7191e+0 9.2005e+0
3.7542e+0 8.0200e+0
3.7968e+0 6.7475e+0
3.8398e+0 5.5526e+0
3.8833e+0 4.4890e+0
3.9163e+0 3.8273e+0
3.9495e+0 3.1775e+0
3.9942e+0 2.5689e+0
4.0395e+0 2.1328e+0
4.1084e+0 1.8130e+0
4.1904e+0 1.6350e+0
4.2861e+0 1.5992e+0
4.3840e+0 1.6643e+0
4.4842e+0 1.7320e+0
4.5867e+0 1.8105e+0
4.6915e+0 1.9094e+0
4.7987e+0 2.0136e+0
4.9084e+0 2.1616e+0
5.0206e+0 2.3514e+0
5.1354e+0 2.6037e+0
5.2528e+0 2.8324e+0
5.3728e+0 2.9087e+0
5.4955e+0 2.8324e+0
5.6210e+0 2.6740e+0
5.7494e+0 2.5581e+0
5.8807e+0 2.5244e+0
6.0151e+0 2.5810e+0
6.1525e+0 2.6156e+0
6.2931e+0 2.5811e+0
6.4368e+0 2.4912e+0
6.5839e+0 2.3623e+0
6.7342e+0 2.2203e+0
6.8880e+0 2.0960e+0
7.0453e+0 1.9788e+0
7.2062e+0 1.8516e+0
7.3708e+0 1.6946e+0
7.5391e+0 1.5578e+0
7.7112e+0 1.4007e+0
7.8872e+0 1.2428e+0
8.0673e+0 1.1076e+0
8.2282e+0 9.8715e-1
8.3687e+0 8.7201e-1
8.5115e+0 7.7029e-1
8.6568e+0 6.7643e-1
8.8046e+0 5.9401e-1
8.9548e+0 5.1551e-1
9.1076e+0 4.4474e-1
9.2631e+0 3.7919e-1
9.4212e+0 3.2713e-1
9.6090e+0 2.7686e-1
9.8284e+0 2.4784e-1
