E_γ[eV]  opacity[cm^2/g]
1.1032e-1 1.0936e-1
1.1032e-1 1.2381e-1
1.1032e-1 1.4266e-1
1.1032e-1 1.6439e-1
1.1033e-1 1.8943e-1
1.1033e-1 2.1827e-1
1.1033e-1 2.5152e-1
1.1033e-1 2.8982e-1
1.1033e-1 3.3396e-1
1.1034e-1 3.8483e-1
1.1034e-1 4.4344e-1
1.1034e-1 5.1097e-1
1.1034e-1 5.8879e-1
1.1034e-1 6.7846e-1
1.1035e-1 7.8179e-1
1.1035e-1 9.0086e-1
1.1035e-1 1.0381e+0
1.1035e-1 1.1962e+0
1.1035e-1 1.3783e+0
1.1036e-1 1.5883e+0
1.1036e-1 1.8301e+0
1.1036e-1 2.1089e+0
1.1036e-1 2.4301e+0
1.1037e-1 2.8002e+0
1.1037e-1 3.2266e+0
1.1037e-1 3.7180e+0
1.1037e-1 4.2843e+0
1.1037e-1 4.9368e+0
1.1038e-1 5.6887e+0
1.1038e-1 6.5550e+0
1.1038e-1 7.5534e+0
1.1038e-1 8.7037e+0
1.1038e-1 1.0029e+1
1.1039e-1 1.1557e+1
1.1039e-1 1.3317e+1
1.1039e-1 1.5345e+1
1.1039e-1 1.7682e+1
1.1039e-1 2.0375e+1
1.1040e-1 2.3478e+1
1.1040e-1 2.7054e+1
1.1040e-1 3.1174e+1
1.1040e-1 3.5922e+1
1.1040e-1 4.1393e+1
1.1041e-1 4.7697e+1
1.1041e-1 5.4961e+1
1.1041e-1 6.3332e+1
1.1041e-1 7.2977e+1
1.1042e-1 8.4092e+1
1.1042e-1 9.6899e+1
1.1042e-1 1.1166e+2
1.1042e-1 1.2866e+2
1.1042e-1 1.4826e+2
1.1043e-1 1.7084e+2
1.1043e-1 1.9686e+2
1.1043e-1 2.2684e+2
1.1043e-1 2.6138e+2
1.1043e-1 3.0119e+2
1.1044e-1 3.4706e+2
1.1044e-1 3.9992e+2
1.1044e-1 4.6083e+2
1.1044e-1 5.3101e+2
1.1107e-1 6.1461e+2
1.1361e-1 5.9849e+2
1.1620e-1 5.7004e+2
1.1886e-1 5.4293e+2
1.2157e-1 5.1256e+2
1.2435e-1 4.8174e+2
1.2719e-1 4.5479e+2
1.3009e-1 4.2556e+2
1.3306e-1 3.9644e+2
1.3610e-1 3.6769e+2
1.3921e-1 3.3801e+2
1.4239e-1 3.1350e+2
1.4564e-1 2.9335e+2
1.4896e-1 2.7449e+2
1.5237e-1 2.5799e+2
1.5585e-1 2.4355e+2
1.5941e-1 2.2993e+2
1.6305e-1 2.1610e+2
1.6677e-1 2.0492e+2
1.7058e-1 1.9866e+2
1.7447e-1 1.8344e+2
1.7846e-1 1.6938e+2
1.8253e-1 1.5780e+2
1.8670e-1 1.4700e+2
1.9097e-1 1.3816e+2
1.9533e-1 1.2986e+2
1.9979e-1 1.2205e+2
2.0474e-1 1.1573e+2
2.0551e-1 1.3817e+2
2.0552e-1 1.5921e+2
2.0552e-1 1.8346e+2
2.0552e-1 2.1140e+2
2.0553e-1 2.4360e+2
2.0553e-1 2.8070e+2
2.0554e-1 3.2345e+2
2.0554e-1 3.7271e+2
2.0554e-1 4.2947e+2
2.0555e-1 4.9488e+2
2.0555e-1 5.7025e+2
2.0556e-1 6.5710e+2
2.0556e-1 7.5718e+2
2.0556e-1 8.7250e+2
2.0557e-1 1.0054e+3
2.0557e-1 1.1585e+3
2.0674e-1 1.3588e+3
2.1146e-1 1.3409e+3
2.1629e-1 1.2942e+3
2.2123e-1 1.2547e+3
2.2629e-1 1.2111e+3
2.3145e-1 1.1637e+3
2.3674e-1 1.1232e+3
2.4215e-1 1.0841e+3
2.4768e-1 1.0372e+3
2.5334e-1 9.9224e+2
2.5912e-1 9.5348e+2
2.6504e-1 9.1622e+2
2.7109e-1 8.7653e+2
2.7729e-1 8.4229e+2
2.8362e-1 8.0938e+2
2.9010e-1 7.8121e+2
2.9672e-1 7.5402e+2
3.0350e-1 7.2135e+2
3.1043e-1 6.9625e+2
3.1752e-1 6.6609e+2
3.2478e-1 6.3723e+2
3.3219e-1 6.0693e+2
3.3978e-1 5.8322e+2
3.4754e-1 5.5796e+2
3.5548e-1 5.3854e+2
3.6360e-1 5.1979e+2
3.7191e-1 4.9728e+2
3.8040e-1 4.7997e+2
3.8909e-1 4.6122e+2
3.9798e-1 4.4124e+2
4.0707e-1 4.2212e+2
4.1636e-1 4.0384e+2
4.2587e-1 3.8464e+2
4.3560e-1 3.6797e+2
4.4555e-1 3.5517e+2
4.5573e-1 3.4281e+2
4.6613e-1 3.2796e+2
4.7678e-1 3.1654e+2
4.8767e-1 3.0283e+2
4.9881e-1 2.9100e+2
5.0733e-1 2.9100e+2
5.0734e-1 3.3532e+2
5.1023e-1 3.9156e+2
5.2188e-1 3.8640e+2
5.3380e-1 3.7460e+2
5.4600e-1 3.6803e+2
5.5847e-1 3.5997e+2
5.7123e-1 3.5054e+2
5.8427e-1 3.4745e+2
5.9762e-1 3.3685e+2
6.1127e-1 3.3388e+2
6.2524e-1 3.2369e+2
6.3952e-1 3.1801e+2
6.5413e-1 3.1105e+2
6.6907e-1 3.0289e+2
6.8435e-1 3.0023e+2
6.9999e-1 2.9106e+2
7.1598e-1 2.9107e+2
7.3233e-1 2.8344e+2
7.4906e-1 2.8094e+2
7.6617e-1 2.7724e+2
7.8368e-1 2.7117e+2
8.0158e-1 2.6997e+2
8.1989e-1 2.6173e+2
8.3862e-1 2.5943e+2
8.5777e-1 2.5263e+2
8.7737e-1 2.5263e+2
8.9741e-1 2.4601e+2
9.1791e-1 2.4492e+2
9.3889e-1 2.5376e+2
9.4957e-1 2.9112e+2
9.4959e-1 3.3546e+2
9.4961e-1 3.8655e+2
9.4962e-1 4.4542e+2
9.4964e-1 5.1326e+2
9.4966e-1 5.9143e+2
9.4968e-1 6.8150e+2
9.4970e-1 7.8530e+2
9.4971e-1 9.0490e+2
9.4973e-1 1.0427e+3
9.4975e-1 1.2015e+3
9.4977e-1 1.3845e+3
9.4979e-1 1.5954e+3
9.5224e-1 2.5716e+2
9.5518e-1 1.8712e+3
9.7701e-1 1.8465e+3
9.9932e-1 1.7744e+3
1.0221e+0 1.6975e+3
1.0455e+0 1.6312e+3
1.0694e+0 1.5605e+3
1.0938e+0 1.4798e+3
1.1188e+0 1.4094e+3
1.1443e+0 1.3306e+3
1.1705e+0 1.2617e+3
1.1972e+0 1.1858e+3
1.2245e+0 1.1245e+3
1.2525e+0 1.0663e+3
1.2811e+0 1.0201e+3
1.3104e+0 9.7157e+2
1.3403e+0 9.2948e+2
1.3709e+0 8.8922e+2
1.4022e+0 8.5448e+2
1.4342e+0 8.1025e+2
1.4670e+0 7.6832e+2
1.5005e+0 7.2533e+2
1.5348e+0 6.9084e+2
1.5698e+0 6.4931e+2
1.6057e+0 6.2118e+2
1.6424e+0 5.9427e+2
1.6799e+0 5.6853e+2
1.7182e+0 5.4390e+2
1.7575e+0 5.2034e+2
1.7976e+0 4.9560e+2
1.8387e+0 4.7203e+2
1.8807e+0 4.4760e+2
1.9209e+0 4.3394e+2
1.9237e+0 5.1350e+2
1.9237e+0 5.9171e+2
1.9237e+0 6.8182e+2
1.9347e+0 7.9971e+2
1.9789e+0 8.1402e+2
2.0241e+0 8.1044e+2
2.0703e+0 7.9270e+2
2.1117e+0 7.7649e+2
2.2155e+0 7.9273e+2
2.2661e+0 7.7882e+2
2.3179e+0 7.5840e+2
2.3708e+0 7.5842e+2
2.4250e+0 7.5843e+2
2.4804e+0 7.3854e+2
2.5370e+0 7.3204e+2
2.5950e+0 7.3205e+2
2.6543e+0 7.0971e+2
2.7149e+0 7.0658e+2
2.7769e+0 6.9727e+2
2.8404e+0 6.8200e+2
2.9053e+0 6.7600e+2
2.9716e+0 6.5827e+2
3.0395e+0 6.4959e+2
3.1089e+0 6.3537e+2
3.1800e+0 6.2146e+2
3.2526e+0 6.1056e+2
3.3269e+0 5.9192e+2
3.4029e+0 5.8932e+2
3.4806e+0 5.9457e+2
3.5601e+0 5.7642e+2
3.6415e+0 5.5883e+2
3.7246e+0 5.3938e+2
3.8097e+0 5.2061e+2
3.8967e+0 5.0249e+2
3.9857e+0 4.8500e+2
4.0768e+0 4.6812e+2
4.1699e+0 4.4784e+2
4.2651e+0 4.3034e+2
4.3625e+0 4.1170e+2
4.4622e+0 3.9562e+2
4.5641e+0 3.7848e+2
4.6683e+0 3.6048e+2
4.7750e+0 3.4334e+2
4.8840e+0 3.2847e+2
4.9956e+0 3.1285e+2
5.1097e+0 2.9798e+2
5.2264e+0 2.8507e+2
5.3457e+0 2.7151e+2
5.4678e+0 2.5746e+2
5.5927e+0 2.4414e+2
5.7205e+0 2.3253e+2
5.8511e+0 2.2049e+2
5.9847e+0 2.0816e+2
6.1214e+0 1.9564e+2
6.2612e+0 1.8552e+2
6.4042e+0 1.7436e+2
6.5505e+0 1.6461e+2
6.7001e+0 1.5609e+2
6.8531e+0 1.4670e+2
7.0096e+0 1.3911e+2
7.1697e+0 1.3075e+2
7.3334e+0 1.2289e+2
7.5009e+0 1.1499e+2
7.6722e+0 1.0712e+2
7.8474e+0 9.9792e+1
8.0266e+0 9.4209e+1
8.2099e+0 8.8938e+1
8.3974e+0 8.3591e+1
8.5892e+0 7.8218e+1
8.7854e+0 7.3842e+1
8.9860e+0 6.8790e+1
9.1912e+0 6.4655e+1
9.4011e+0 5.9700e+1
9.6158e+0 5.5616e+1
9.8354e+0 5.2272e+1
