E_γ[eV]  opacity[cm^2/g]
8.526e-2 1.158e+2
8.907e-2 1.170e+1
9.110e-2 9.057e+0
9.325e-2 3.433e+2
9.342e-2 2.946e+2
9.358e-2 2.527e+2
9.392e-2 1.860e+2
9.408e-2 1.596e+2
9.425e-2 1.369e+2
9.490e-2 7.588e+1
9.506e-2 6.510e+1
9.523e-2 5.586e+1
9.540e-2 4.792e+1
9.556e-2 4.112e+1
9.573e-2 3.528e+1
9.590e-2 3.027e+1
9.606e-2 2.597e+1
9.623e-2 2.228e+1
9.640e-2 1.912e+1
9.657e-2 1.640e+1
9.673e-2 1.407e+1
1.050e-1 9.305e+1
1.065e-1 5.351e+2
1.067e-1 4.591e+2
1.068e-1 3.980e+2
1.075e-1 2.180e+2
1.125e-1 6.650e+2
1.496e-1 1.056e+2
1.521e-1 1.061e+1
2.476e-1 8.471e+2
4.839e-1 6.329e+2
5.048e-1 9.750e+2
5.055e-1 5.436e+2
5.072e-1 7.788e+2
5.309e-1 3.674e+3
5.311e-1 3.152e+3
5.312e-1 2.704e+3
5.314e-1 2.320e+3
5.316e-1 1.991e+3
5.317e-1 1.708e+3
5.319e-1 1.465e+3
5.321e-1 1.257e+3
5.322e-1 1.079e+3
5.469e-1 4.776e+2
5.658e-1 7.990e+3
5.853e-1 6.717e+3
5.992e-1 5.780e+3
6.181e-1 5.006e+3
6.194e-1 4.275e+3
7.921e-1 4.590e+3
8.244e-1 3.830e+3
8.681e-1 3.185e+3
9.532e-1 2.598e+3
1.061e+0 2.130e+3
1.132e+0 1.754e+3
1.325e+0 1.487e+3
1.417e+0 1.233e+3
1.488e+0 1.015e+3
1.495e+0 2.058e+3
1.502e+0 1.781e+3
1.522e+0 1.479e+3
1.530e+0 8.037e+2
1.560e+0 2.646e+3
1.879e+0 2.973e+3
2.182e+0 2.970e+3
2.485e+0 2.855e+3
2.788e+0 2.650e+3
3.090e+0 2.486e+3
3.324e+0 2.228e+3
3.751e+0 1.937e+3
4.026e+0 1.662e+3
4.329e+0 1.449e+3
4.632e+0 1.257e+3
4.935e+0 1.102e+3
5.238e+0 9.704e+2
5.540e+0 8.709e+2
5.843e+0 7.712e+2
6.146e+0 6.934e+2
6.449e+0 6.310e+2
6.751e+0 5.815e+2
7.066e+0 5.210e+2
7.255e+0 4.980e+2
7.302e+0 4.581e+2
7.357e+0 5.912e+2
7.660e+0 5.383e+2
7.962e+0 4.886e+2
8.265e+0 4.460e+2
8.568e+0 4.111e+2
8.871e+0 3.781e+2
9.173e+0 3.480e+2
9.476e+0 3.201e+2
9.779e+0 2.946e+2
1.008e+1 2.733e+2
1.038e+1 2.552e+2
1.069e+1 2.390e+2
1.099e+1 2.242e+2
1.129e+1 2.105e+2
1.160e+1 1.975e+2
1.190e+1 1.854e+2
1.220e+1 1.741e+2
1.250e+1 1.642e+2
1.281e+1 1.557e+2
1.311e+1 1.480e+2
1.341e+1 1.410e+2
1.371e+1 1.346e+2
1.402e+1 1.283e+2
1.434e+1 1.260e+2
1.445e+1 4.894e+3
1.445e+1 4.199e+3
1.445e+1 3.603e+3
1.445e+1 3.091e+3
1.445e+1 2.652e+3
1.445e+1 2.275e+3
1.445e+1 1.952e+3
1.445e+1 1.675e+3
1.445e+1 1.437e+3
1.445e+1 1.233e+3
1.446e+1 1.058e+3
1.446e+1 9.075e+2
1.446e+1 7.786e+2
1.446e+1 6.681e+2
1.446e+1 5.732e+2
1.446e+1 4.918e+2
1.446e+1 4.219e+2
1.446e+1 3.620e+2
1.446e+1 3.106e+2
1.446e+1 2.665e+2
1.446e+1 2.286e+2
1.446e+1 1.962e+2
1.446e+1 1.683e+2
1.446e+1 1.931e+5
1.446e+1 1.657e+5
1.446e+1 1.421e+5
1.446e+1 1.219e+5
1.446e+1 1.046e+5
1.446e+1 8.976e+4
1.446e+1 7.701e+4
1.446e+1 6.607e+4
1.446e+1 5.669e+4
1.446e+1 4.864e+4
1.446e+1 4.173e+4
1.447e+1 3.580e+4
1.447e+1 3.072e+4
1.447e+1 2.636e+4
1.447e+1 2.261e+4
1.447e+1 1.940e+4
1.447e+1 1.665e+4
1.447e+1 1.428e+4
1.447e+1 1.225e+4
1.447e+1 1.051e+4
1.447e+1 1.452e+2
1.447e+1 9.019e+3
1.447e+1 7.738e+3
1.447e+1 6.639e+3
1.447e+1 2.405e+5
1.448e+1 5.603e+5
1.448e+1 4.807e+5
1.448e+1 4.124e+5
1.448e+1 3.538e+5
1.448e+1 3.036e+5
1.448e+1 5.623e+3
1.450e+1 1.233e+2
1.456e+1 6.634e+5
1.486e+1 6.651e+5
1.516e+1 6.538e+5
1.547e+1 6.428e+5
1.577e+1 6.307e+5
1.607e+1 6.180e+5
1.637e+1 6.045e+5
1.668e+1 5.912e+5
1.698e+1 5.775e+5
1.728e+1 5.627e+5
1.759e+1 5.483e+5
1.789e+1 5.329e+5
1.819e+1 5.163e+5
1.849e+1 5.002e+5
1.880e+1 4.828e+5
1.910e+1 4.639e+5
1.942e+1 4.455e+5
1.968e+1 4.527e+5
2.001e+1 4.399e+5
2.031e+1 4.161e+5
2.061e+1 4.054e+5
2.091e+1 3.830e+5
2.122e+1 3.581e+5
2.152e+1 3.338e+5
2.182e+1 3.228e+5
2.213e+1 3.026e+5
2.243e+1 2.793e+5
2.273e+1 2.578e+5
2.303e+1 2.390e+5
2.334e+1 2.222e+5
2.364e+1 2.073e+5
2.394e+1 1.959e+5
2.425e+1 1.853e+5
2.455e+1 1.771e+5
2.485e+1 1.666e+5
2.515e+1 1.566e+5
2.546e+1 1.476e+5
2.576e+1 1.393e+5
2.606e+1 1.311e+5
2.628e+1 1.488e+5
2.628e+1 1.289e+5
2.636e+1 1.740e+5
2.667e+1 1.672e+5
2.697e+1 1.580e+5
2.727e+1 1.491e+5
2.757e+1 1.407e+5
2.788e+1 1.324e+5
2.818e+1 1.241e+5
2.848e+1 1.164e+5
2.879e+1 1.089e+5
2.909e+1 1.018e+5
2.939e+1 9.478e+4
2.969e+1 8.874e+4
3.000e+1 8.341e+4
3.030e+1 7.839e+4
3.060e+1 7.395e+4
3.090e+1 6.964e+4
3.121e+1 6.566e+4
3.151e+1 6.190e+4
3.181e+1 5.833e+4
3.212e+1 5.510e+4
3.242e+1 5.191e+4
3.272e+1 4.882e+4
3.302e+1 4.594e+4
3.333e+1 4.351e+4
3.363e+1 4.100e+4
3.393e+1 3.880e+4
3.423e+1 3.679e+4
3.454e+1 3.491e+4
3.484e+1 3.312e+4
3.514e+1 3.139e+4
3.545e+1 2.980e+4
3.575e+1 2.824e+4
3.605e+1 2.678e+4
3.635e+1 2.532e+4
3.666e+1 2.394e+4
3.696e+1 2.267e+4
3.726e+1 2.167e+4
3.756e+1 2.079e+4
3.787e+1 2.002e+4
3.817e+1 1.933e+4
3.847e+1 1.870e+4
3.878e+1 1.813e+4
3.908e+1 1.761e+4
3.938e+1 1.708e+4
3.968e+1 1.663e+4
3.999e+1 1.622e+4
4.029e+1 1.583e+4
4.059e+1 1.544e+4
4.089e+1 1.505e+4
4.120e+1 1.468e+4
4.150e+1 1.433e+4
4.180e+1 1.400e+4
4.211e+1 1.370e+4
4.241e+1 1.346e+4
4.271e+1 1.330e+4
4.301e+1 1.314e+4
4.332e+1 1.300e+4
4.362e+1 1.286e+4
4.392e+1 1.271e+4
4.422e+1 1.262e+4
4.453e+1 1.306e+4
4.483e+1 1.399e+4
4.513e+1 1.392e+4
4.543e+1 1.379e+4
4.574e+1 1.379e+4
4.604e+1 1.365e+4
4.634e+1 1.364e+4
4.665e+1 1.377e+4
4.695e+1 1.379e+4
4.725e+1 1.383e+4
4.755e+1 1.396e+4
4.786e+1 1.399e+4
4.816e+1 1.409e+4
4.846e+1 1.418e+4
4.876e+1 1.421e+4
4.907e+1 1.431e+4
4.937e+1 1.438e+4
4.959e+1 1.438e+4
