# yo yo yo
# "Triple point of Yukawa systems"  S. Hamaguchi, R. T. Farouki, D. H. E. Dubin
#
Γκ     1.2         1.4         2           2.6         3           3.6         4           4.6         5
0     -0.6        -0.7        -1          -1.3        -1.5        -1.8        -2          -2.3        -2.5
0.1   -0.648      -0.74       -1.025      -1.319      -1.517      -1.815      -2.009      -2.309      -2.509
0.2   -0.68       -0.77       -1.042      -1.331      -1.527      -1.821      -2.018      -2.315      -2.512
0.4   -0.724      -0.806      -1.067      -1.348      -1.54       -1.831      -2.027      -2.321      -2.52
0.6   -0.757      -0.831      -1.085      -1.36       -1.549      -1.838      -2.033      -2.327      -2.523
0.8   -0.782      -0.852      -1.099      -1.369      -1.558      -1.843      -2.037      -2.329      -2.525
1     -0.797      -0.869      -1.11       -1.377      -1.563      -1.847      -2.04       -2.332      -2.528
2     -0.855      -0.92       -1.147      -1.402      -1.5825     -1.861      -2.0515     -2.341      -2.535
5     -0.921      -0.978      -1.184      -1.427      -1.602      -1.875      -2.063      -2.35       -2.542
10    -0.958      -1.012      -1.208      -1.444      -1.615      -1.885      -2.07       -2.355      -2.547
