# Shown is also the standard deviation from a large set of initial guesses, if large then invalid- multiple solutions 
   n[1/cc]      T[K]         Zbar         χ0[eV]
   9.150e+20    5.000e+02    8.620e-09    2.621e-03
   9.150e+20    5.256e+02    8.620e-09    2.556e-03
   9.150e+20    5.525e+02    8.620e-09    2.493e-03
   9.150e+20    5.808e+02    8.620e-09    2.432e-03
   9.150e+20    6.105e+02    8.620e-09    2.372e-03
   9.150e+20    6.417e+02    8.620e-09    2.313e-03
   9.150e+20    6.746e+02    8.620e-09    2.256e-03
   9.150e+20    7.091e+02    8.620e-09    2.201e-03
   9.150e+20    7.454e+02    8.620e-09    2.146e-03
   9.150e+20    7.836e+02    8.620e-09    2.093e-03
   9.150e+20    8.237e+02    8.620e-09    2.042e-03
   9.150e+20    8.658e+02    8.650e-09    1.995e-03
   9.150e+20    9.101e+02    8.652e-09    1.946e-03
   9.150e+20    9.567e+02    8.652e-09    1.898e-03
   9.150e+20    1.006e+03    8.652e-09    1.851e-03
   9.150e+20    1.057e+03    8.652e-09    1.806e-03
   9.150e+20    1.111e+03    8.652e-09    1.761e-03
   9.150e+20    1.168e+03    8.652e-09    1.718e-03
   9.150e+20    1.228e+03    8.652e-09    1.675e-03
   9.150e+20    1.291e+03    8.652e-09    1.634e-03
   9.150e+20    1.357e+03    8.652e-09    1.594e-03
   9.150e+20    1.426e+03    8.652e-09    1.555e-03
   9.150e+20    1.499e+03    8.652e-09    1.516e-03
   9.150e+20    1.576e+03    8.666e-09    1.480e-03
   9.150e+20    1.657e+03    8.669e-09    1.444e-03
   9.150e+20    1.741e+03    8.669e-09    1.408e-03
   9.150e+20    1.831e+03    8.669e-09    1.373e-03
   9.150e+20    1.924e+03    8.669e-09    1.340e-03
   9.150e+20    2.023e+03    8.669e-09    1.307e-03
   9.150e+20    2.126e+03    8.669e-09    1.274e-03
   9.150e+20    2.235e+03    8.669e-09    1.243e-03
   9.150e+20    2.350e+03    8.669e-09    1.212e-03
   9.150e+20    2.470e+03    8.669e-09    1.182e-03
   9.150e+20    2.596e+03    8.670e-09    1.153e-03
   9.150e+20    2.729e+03    8.677e-09    1.125e-03
   9.150e+20    2.869e+03    8.678e-09    1.098e-03
   9.150e+20    3.016e+03    8.678e-09    1.071e-03
   9.150e+20    3.170e+03    8.678e-09    1.044e-03
   9.150e+20    3.332e+03    8.678e-09    1.019e-03
   9.150e+20    3.503e+03    8.678e-09    9.935e-04
   9.150e+20    3.682e+03    8.678e-09    9.690e-04
   9.150e+20    3.871e+03    8.680e-09    9.452e-04
   9.150e+20    4.069e+03    8.660e-09    9.209e-04
   9.150e+20    4.277e+03    8.663e-09    8.983e-04
   9.150e+20    4.496e+03    8.649e-09    8.754e-04
   9.150e+20    4.726e+03    8.678e-09    8.553e-04
   9.150e+20    4.968e+03    8.653e-09    8.330e-04
   9.150e+20    5.222e+03    8.652e-09    8.124e-04
   9.150e+20    5.489e+03    8.652e-09    7.924e-04
   9.150e+20    5.770e+03    8.652e-09    7.729e-04
   9.150e+20    6.066e+03    8.653e-09    7.539e-04
   9.150e+20    6.376e+03    8.663e-09    7.357e-04
   9.150e+20    6.702e+03    8.755e-09    7.214e-04
   9.150e+20    7.045e+03    9.540e-09    7.345e-04
   9.150e+20    7.406e+03    1.421e-08    8.742e-04
   9.150e+20    7.785e+03    3.139e-08    1.267e-03
   9.150e+20    8.184e+03    7.649e-08    1.930e-03
   9.150e+20    8.602e+03    1.836e-07    2.916e-03
   9.150e+20    9.043e+03    4.262e-07    4.333e-03
   9.150e+20    9.506e+03    9.535e-07    6.322e-03
   9.150e+20    9.992e+03    2.057e-06    9.057e-03
   9.150e+20    1.050e+04    4.287e-06    1.275e-02
   9.150e+20    1.104e+04    8.639e-06    1.766e-02
   9.150e+20    1.161e+04    1.687e-05    2.407e-02
   9.150e+20    1.220e+04    3.197e-05    3.231e-02
   9.150e+20    1.282e+04    5.889e-05    4.278e-02
   9.150e+20    1.348e+04    1.056e-04    5.586e-02
   9.150e+20    1.417e+04    1.845e-04    7.203e-02
   9.150e+20    1.490e+04    3.146e-04    9.177e-02
   9.150e+20    1.566e+04    5.243e-04    1.156e-01
   9.150e+20    1.646e+04    8.548e-04    1.440e-01
   9.150e+20    1.730e+04    1.365e-03    1.776e-01
   9.150e+20    1.819e+04    2.137e-03    2.170e-01
   9.150e+20    1.912e+04    3.282e-03    2.628e-01
   9.150e+20    2.010e+04    4.952e-03    3.156e-01
   9.150e+20    2.113e+04    7.344e-03    3.763e-01
   9.150e+20    2.221e+04    1.071e-02    4.455e-01
   9.150e+20    2.334e+04    1.538e-02    5.242e-01
   9.150e+20    2.454e+04    2.175e-02    6.138e-01
   9.150e+20    2.580e+04    3.032e-02    7.157e-01
   9.150e+20    2.712e+04    4.166e-02    8.318e-01
   9.150e+20    2.850e+04    5.648e-02    9.648e-01
   9.150e+20    2.996e+04    7.556e-02    1.118e+00
   9.150e+20    3.150e+04    9.979e-02    1.296e+00
   9.150e+20    3.311e+04    1.302e-01    1.504e+00
   9.150e+20    3.480e+04    1.676e-01    1.748e+00
   9.150e+20    3.658e+04    2.132e-01    2.036e+00
   9.150e+20    3.846e+04    2.676e-01    2.376e+00
   9.150e+20    4.042e+04    3.308e-01    2.772e+00
   9.150e+20    4.249e+04    4.022e-01    3.224e+00
   9.150e+20    4.467e+04    4.790e-01    3.718e+00
   9.150e+20    4.695e+04    5.570e-01    4.223e+00
   9.150e+20    4.936e+04    6.310e-01    4.700e+00
   9.150e+20    5.188e+04    6.967e-01    5.112e+00
   9.150e+20    5.454e+04    7.524e-01    5.438e+00
   9.150e+20    5.733e+04    7.980e-01    5.678e+00
   9.150e+20    6.026e+04    8.350e-01    5.840e+00
   9.150e+20    6.335e+04    8.647e-01    5.938e+00
   9.150e+20    6.659e+04    8.886e-01    5.985e+00
   9.150e+20    7.000e+04    9.080e-01    5.991e+00
   1.034e+21    5.000e+02    8.620e-09    2.786e-03
   1.034e+21    5.256e+02    8.620e-09    2.717e-03
   1.034e+21    5.525e+02    8.620e-09    2.650e-03
   1.034e+21    5.808e+02    8.620e-09    2.585e-03
   1.034e+21    6.105e+02    8.620e-09    2.521e-03
   1.034e+21    6.417e+02    8.620e-09    2.459e-03
   1.034e+21    6.746e+02    8.620e-09    2.398e-03
   1.034e+21    7.091e+02    8.620e-09    2.339e-03
   1.034e+21    7.454e+02    8.620e-09    2.281e-03
   1.034e+21    7.836e+02    8.620e-09    2.225e-03
   1.034e+21    8.237e+02    8.620e-09    2.170e-03
   1.034e+21    8.658e+02    8.620e-09    2.117e-03
   1.034e+21    9.101e+02    8.620e-09    2.065e-03
   1.034e+21    9.567e+02    8.620e-09    2.014e-03
   1.034e+21    1.006e+03    8.652e-09    1.968e-03
   1.034e+21    1.057e+03    8.652e-09    1.919e-03
   1.034e+21    1.111e+03    8.652e-09    1.872e-03
   1.034e+21    1.168e+03    8.652e-09    1.826e-03
   1.034e+21    1.228e+03    8.652e-09    1.781e-03
   1.034e+21    1.291e+03    8.652e-09    1.737e-03
   1.034e+21    1.357e+03    8.652e-09    1.694e-03
   1.034e+21    1.426e+03    8.652e-09    1.652e-03
   1.034e+21    1.499e+03    8.652e-09    1.612e-03
   1.034e+21    1.576e+03    8.652e-09    1.572e-03
   1.034e+21    1.657e+03    8.652e-09    1.533e-03
   1.034e+21    1.741e+03    8.662e-09    1.496e-03
   1.034e+21    1.831e+03    8.668e-09    1.460e-03
   1.034e+21    1.924e+03    8.669e-09    1.424e-03
   1.034e+21    2.023e+03    8.669e-09    1.389e-03
   1.034e+21    2.126e+03    8.669e-09    1.355e-03
   1.034e+21    2.235e+03    8.669e-09    1.321e-03
   1.034e+21    2.350e+03    8.669e-09    1.289e-03
   1.034e+21    2.470e+03    8.669e-09    1.257e-03
   1.034e+21    2.596e+03    8.669e-09    1.226e-03
   1.034e+21    2.729e+03    8.669e-09    1.196e-03
   1.034e+21    2.869e+03    8.656e-09    1.165e-03
   1.034e+21    3.016e+03    8.674e-09    1.138e-03
   1.034e+21    3.170e+03    8.677e-09    1.110e-03
   1.034e+21    3.332e+03    8.678e-09    1.083e-03
   1.034e+21    3.503e+03    8.678e-09    1.056e-03
   1.034e+21    3.682e+03    8.678e-09    1.030e-03
   1.034e+21    3.871e+03    8.678e-09    1.005e-03
   1.034e+21    4.069e+03    8.678e-09    9.798e-04
   1.034e+21    4.277e+03    8.678e-09    9.556e-04
   1.034e+21    4.496e+03    8.693e-09    9.329e-04
   1.034e+21    4.726e+03    8.649e-09    9.076e-04
   1.034e+21    4.968e+03    8.669e-09    8.863e-04
   1.034e+21    5.222e+03    8.649e-09    8.634e-04
   1.034e+21    5.489e+03    8.655e-09    8.424e-04
   1.034e+21    5.770e+03    8.652e-09    8.215e-04
   1.034e+21    6.066e+03    8.653e-09    8.013e-04
   1.034e+21    6.376e+03    8.661e-09    7.819e-04
   1.034e+21    6.702e+03    8.743e-09    7.663e-04
   1.034e+21    7.045e+03    9.446e-09    7.768e-04
   1.034e+21    7.406e+03    1.367e-08    9.113e-04
   1.034e+21    7.785e+03    2.969e-08    1.310e-03
   1.034e+21    8.184e+03    7.204e-08    1.991e-03
   1.034e+21    8.602e+03    1.728e-07    3.007e-03
   1.034e+21    9.043e+03    4.011e-07    4.468e-03
   1.034e+21    9.506e+03    8.972e-07    6.518e-03
   1.034e+21    9.992e+03    1.936e-06    9.339e-03
   1.034e+21    1.050e+04    4.034e-06    1.315e-02
   1.034e+21    1.104e+04    8.130e-06    1.821e-02
   1.034e+21    1.161e+04    1.588e-05    2.482e-02
   1.034e+21    1.220e+04    3.009e-05    3.332e-02
   1.034e+21    1.282e+04    5.544e-05    4.411e-02
   1.034e+21    1.348e+04    9.940e-05    5.762e-02
   1.034e+21    1.417e+04    1.737e-04    7.430e-02
   1.034e+21    1.490e+04    2.963e-04    9.466e-02
   1.034e+21    1.566e+04    4.939e-04    1.192e-01
   1.034e+21    1.646e+04    8.055e-04    1.486e-01
   1.034e+21    1.730e+04    1.287e-03    1.833e-01
   1.034e+21    1.819e+04    2.015e-03    2.240e-01
   1.034e+21    1.912e+04    3.096e-03    2.712e-01
   1.034e+21    2.010e+04    4.673e-03    3.258e-01
   1.034e+21    2.113e+04    6.934e-03    3.884e-01
   1.034e+21    2.221e+04    1.012e-02    4.598e-01
   1.034e+21    2.334e+04    1.454e-02    5.411e-01
   1.034e+21    2.454e+04    2.057e-02    6.334e-01
   1.034e+21    2.580e+04    2.869e-02    7.383e-01
   1.034e+21    2.712e+04    3.946e-02    8.577e-01
   1.034e+21    2.850e+04    5.354e-02    9.943e-01
   1.034e+21    2.996e+04    7.169e-02    1.151e+00
   1.034e+21    3.150e+04    9.480e-02    1.333e+00
   1.034e+21    3.311e+04    1.238e-01    1.546e+00
   1.034e+21    3.480e+04    1.597e-01    1.795e+00
   1.034e+21    3.658e+04    2.035e-01    2.089e+00
   1.034e+21    3.846e+04    2.560e-01    2.437e+00
   1.034e+21    4.042e+04    3.176e-01    2.844e+00
   1.034e+21    4.249e+04    3.876e-01    3.312e+00
   1.034e+21    4.467e+04    4.638e-01    3.829e+00
   1.034e+21    4.695e+04    5.422e-01    4.366e+00
   1.034e+21    4.936e+04    6.174e-01    4.881e+00
   1.034e+21    5.188e+04    6.848e-01    5.330e+00
   1.034e+21    5.454e+04    7.420e-01    5.690e+00
   1.034e+21    5.733e+04    7.891e-01    5.957e+00
   1.034e+21    6.026e+04    8.272e-01    6.140e+00
   1.034e+21    6.335e+04    8.579e-01    6.253e+00
   1.034e+21    6.659e+04    8.827e-01    6.310e+00
   1.034e+21    7.000e+04    9.027e-01    6.324e+00
   1.168e+21    5.000e+02    8.603e-09    2.958e-03
   1.168e+21    5.256e+02    8.613e-09    2.887e-03
   1.168e+21    5.525e+02    8.620e-09    2.817e-03
   1.168e+21    5.808e+02    8.620e-09    2.747e-03
   1.168e+21    6.105e+02    8.620e-09    2.680e-03
   1.168e+21    6.417e+02    8.620e-09    2.614e-03
   1.168e+21    6.746e+02    8.620e-09    2.549e-03
   1.168e+21    7.091e+02    8.620e-09    2.486e-03
   1.168e+21    7.454e+02    8.620e-09    2.425e-03
   1.168e+21    7.836e+02    8.620e-09    2.365e-03
   1.168e+21    8.237e+02    8.620e-09    2.307e-03
   1.168e+21    8.658e+02    8.620e-09    2.250e-03
   1.168e+21    9.101e+02    8.620e-09    2.195e-03
   1.168e+21    9.567e+02    8.620e-09    2.141e-03
   1.168e+21    1.006e+03    8.620e-09    2.088e-03
   1.168e+21    1.057e+03    8.620e-09    2.036e-03
   1.168e+21    1.111e+03    8.647e-09    1.989e-03
   1.168e+21    1.168e+03    8.652e-09    1.941e-03
   1.168e+21    1.228e+03    8.652e-09    1.893e-03
   1.168e+21    1.291e+03    8.652e-09    1.846e-03
   1.168e+21    1.357e+03    8.652e-09    1.801e-03
   1.168e+21    1.426e+03    8.652e-09    1.756e-03
   1.168e+21    1.499e+03    8.652e-09    1.713e-03
   1.168e+21    1.576e+03    8.652e-09    1.671e-03
   1.168e+21    1.657e+03    8.652e-09    1.630e-03
   1.168e+21    1.741e+03    8.652e-09    1.589e-03
   1.168e+21    1.831e+03    8.652e-09    1.550e-03
   1.168e+21    1.924e+03    8.652e-09    1.512e-03
   1.168e+21    2.023e+03    8.660e-09    1.476e-03
   1.168e+21    2.126e+03    8.668e-09    1.440e-03
   1.168e+21    2.235e+03    8.669e-09    1.404e-03
   1.168e+21    2.350e+03    8.669e-09    1.370e-03
   1.168e+21    2.470e+03    8.669e-09    1.336e-03
   1.168e+21    2.596e+03    8.669e-09    1.303e-03
   1.168e+21    2.729e+03    8.669e-09    1.271e-03
   1.168e+21    2.869e+03    8.669e-09    1.240e-03
   1.168e+21    3.016e+03    8.669e-09    1.209e-03
   1.168e+21    3.170e+03    8.669e-09    1.179e-03
   1.168e+21    3.332e+03    8.660e-09    1.150e-03
   1.168e+21    3.503e+03    8.675e-09    1.122e-03
   1.168e+21    3.682e+03    8.677e-09    1.095e-03
   1.168e+21    3.871e+03    8.678e-09    1.068e-03
   1.168e+21    4.069e+03    8.678e-09    1.041e-03
   1.168e+21    4.277e+03    8.678e-09    1.016e-03
   1.168e+21    4.496e+03    8.678e-09    9.908e-04
   1.168e+21    4.726e+03    8.678e-09    9.663e-04
   1.168e+21    4.968e+03    8.666e-09    9.419e-04
   1.168e+21    5.222e+03    8.657e-09    9.182e-04
   1.168e+21    5.489e+03    8.661e-09    8.958e-04
   1.168e+21    5.770e+03    8.673e-09    8.743e-04
   1.168e+21    6.066e+03    8.648e-09    8.515e-04
   1.168e+21    6.376e+03    8.659e-09    8.310e-04
   1.168e+21    6.702e+03    8.733e-09    8.140e-04
   1.168e+21    7.045e+03    9.361e-09    8.220e-04
   1.168e+21    7.406e+03    1.317e-08    9.508e-04
   1.168e+21    7.785e+03    2.810e-08    1.355e-03
   1.168e+21    8.184e+03    6.787e-08    2.054e-03
   1.168e+21    8.602e+03    1.627e-07    3.101e-03
   1.168e+21    9.043e+03    3.774e-07    4.607e-03
   1.168e+21    9.506e+03    8.443e-07    6.721e-03
   1.168e+21    9.992e+03    1.822e-06    9.629e-03
   1.168e+21    1.050e+04    3.796e-06    1.356e-02
   1.168e+21    1.104e+04    7.651e-06    1.877e-02
   1.168e+21    1.161e+04    1.494e-05    2.559e-02
   1.168e+21    1.220e+04    2.833e-05    3.436e-02
   1.168e+21    1.282e+04    5.219e-05    4.549e-02
   1.168e+21    1.348e+04    9.358e-05    5.943e-02
   1.168e+21    1.417e+04    1.636e-04    7.664e-02
   1.168e+21    1.490e+04    2.791e-04    9.765e-02
   1.168e+21    1.566e+04    4.653e-04    1.230e-01
   1.168e+21    1.646e+04    7.591e-04    1.533e-01
   1.168e+21    1.730e+04    1.213e-03    1.891e-01
   1.168e+21    1.819e+04    1.900e-03    2.311e-01
   1.168e+21    1.912e+04    2.921e-03    2.800e-01
   1.168e+21    2.010e+04    4.410e-03    3.363e-01
   1.168e+21    2.113e+04    6.547e-03    4.009e-01
   1.168e+21    2.221e+04    9.560e-03    4.746e-01
   1.168e+21    2.334e+04    1.374e-02    5.585e-01
   1.168e+21    2.454e+04    1.946e-02    6.537e-01
   1.168e+21    2.580e+04    2.716e-02    7.618e-01
   1.168e+21    2.712e+04    3.738e-02    8.847e-01
   1.168e+21    2.850e+04    5.076e-02    1.025e+00
   1.168e+21    2.996e+04    6.804e-02    1.186e+00
   1.168e+21    3.150e+04    9.006e-02    1.372e+00
   1.168e+21    3.311e+04    1.178e-01    1.590e+00
   1.168e+21    3.480e+04    1.522e-01    1.844e+00
   1.168e+21    3.658e+04    1.943e-01    2.145e+00
   1.168e+21    3.846e+04    2.450e-01    2.500e+00
   1.168e+21    4.042e+04    3.048e-01    2.919e+00
   1.168e+21    4.249e+04    3.734e-01    3.402e+00
   1.168e+21    4.467e+04    4.490e-01    3.943e+00
   1.168e+21    4.695e+04    5.276e-01    4.514e+00
   1.168e+21    4.936e+04    6.040e-01    5.068e+00
   1.168e+21    5.188e+04    6.730e-01    5.558e+00
   1.168e+21    5.454e+04    7.319e-01    5.955e+00
   1.168e+21    5.733e+04    7.804e-01    6.251e+00
   1.168e+21    6.026e+04    8.197e-01    6.456e+00
   1.168e+21    6.335e+04    8.513e-01    6.585e+00
   1.168e+21    6.659e+04    8.768e-01    6.654e+00
   1.168e+21    7.000e+04    8.975e-01    6.675e+00
   1.320e+21    5.000e+02    8.603e-09    3.144e-03
   1.320e+21    5.256e+02    8.603e-09    3.067e-03
   1.320e+21    5.525e+02    8.603e-09    2.991e-03
   1.320e+21    5.808e+02    8.603e-09    2.917e-03
   1.320e+21    6.105e+02    8.620e-09    2.848e-03
   1.320e+21    6.417e+02    8.620e-09    2.778e-03
   1.320e+21    6.746e+02    8.620e-09    2.710e-03
   1.320e+21    7.091e+02    8.620e-09    2.643e-03
   1.320e+21    7.454e+02    8.620e-09    2.578e-03
   1.320e+21    7.836e+02    8.620e-09    2.514e-03
   1.320e+21    8.237e+02    8.620e-09    2.452e-03
   1.320e+21    8.658e+02    8.620e-09    2.392e-03
   1.320e+21    9.101e+02    8.620e-09    2.333e-03
   1.320e+21    9.567e+02    8.620e-09    2.275e-03
   1.320e+21    1.006e+03    8.620e-09    2.219e-03
   1.320e+21    1.057e+03    8.620e-09    2.164e-03
   1.320e+21    1.111e+03    8.620e-09    2.111e-03
   1.320e+21    1.168e+03    8.620e-09    2.059e-03
   1.320e+21    1.228e+03    8.620e-09    2.008e-03
   1.320e+21    1.291e+03    8.651e-09    1.962e-03
   1.320e+21    1.357e+03    8.652e-09    1.914e-03
   1.320e+21    1.426e+03    8.652e-09    1.867e-03
   1.320e+21    1.499e+03    8.652e-09    1.821e-03
   1.320e+21    1.576e+03    8.652e-09    1.776e-03
   1.320e+21    1.657e+03    8.652e-09    1.732e-03
   1.320e+21    1.741e+03    8.652e-09    1.690e-03
   1.320e+21    1.831e+03    8.652e-09    1.648e-03
   1.320e+21    1.924e+03    8.652e-09    1.607e-03
   1.320e+21    2.023e+03    8.652e-09    1.568e-03
   1.320e+21    2.126e+03    8.652e-09    1.529e-03
   1.320e+21    2.235e+03    8.679e-09    1.494e-03
   1.320e+21    2.350e+03    8.665e-09    1.456e-03
   1.320e+21    2.470e+03    8.668e-09    1.420e-03
   1.320e+21    2.596e+03    8.669e-09    1.385e-03
   1.320e+21    2.729e+03    8.669e-09    1.351e-03
   1.320e+21    2.869e+03    8.669e-09    1.318e-03
   1.320e+21    3.016e+03    8.669e-09    1.285e-03
   1.320e+21    3.170e+03    8.669e-09    1.253e-03
   1.320e+21    3.332e+03    8.669e-09    1.223e-03
   1.320e+21    3.503e+03    8.669e-09    1.192e-03
   1.320e+21    3.682e+03    8.669e-09    1.163e-03
   1.320e+21    3.871e+03    8.668e-09    1.134e-03
   1.320e+21    4.069e+03    8.676e-09    1.107e-03
   1.320e+21    4.277e+03    8.677e-09    1.080e-03
   1.320e+21    4.496e+03    8.678e-09    1.053e-03
   1.320e+21    4.726e+03    8.678e-09    1.027e-03
   1.320e+21    4.968e+03    8.678e-09    1.002e-03
   1.320e+21    5.222e+03    8.678e-09    9.771e-04
   1.320e+21    5.489e+03    8.678e-09    9.531e-04
   1.320e+21    5.770e+03    8.686e-09    9.300e-04
   1.320e+21    6.066e+03    8.653e-09    9.054e-04
   1.320e+21    6.376e+03    8.676e-09    8.842e-04
   1.320e+21    6.702e+03    8.723e-09    8.647e-04
   1.320e+21    7.045e+03    9.283e-09    8.701e-04
   1.320e+21    7.406e+03    1.273e-08    9.938e-04
   1.320e+21    7.785e+03    2.658e-08    1.401e-03
   1.320e+21    8.184e+03    6.397e-08    2.119e-03
   1.320e+21    8.602e+03    1.531e-07    3.198e-03
   1.320e+21    9.043e+03    3.552e-07    4.751e-03
   1.320e+21    9.506e+03    7.945e-07    6.930e-03
   1.320e+21    9.992e+03    1.714e-06    9.928e-03
   1.320e+21    1.050e+04    3.572e-06    1.398e-02
   1.320e+21    1.104e+04    7.201e-06    1.936e-02
   1.320e+21    1.161e+04    1.407e-05    2.639e-02
   1.320e+21    1.220e+04    2.666e-05    3.544e-02
   1.320e+21    1.282e+04    4.913e-05    4.692e-02
   1.320e+21    1.348e+04    8.811e-05    6.129e-02
   1.320e+21    1.417e+04    1.541e-04    7.905e-02
   1.320e+21    1.490e+04    2.629e-04    1.007e-01
   1.320e+21    1.566e+04    4.384e-04    1.269e-01
   1.320e+21    1.646e+04    7.154e-04    1.582e-01
   1.320e+21    1.730e+04    1.143e-03    1.952e-01
   1.320e+21    1.819e+04    1.792e-03    2.386e-01
   1.320e+21    1.912e+04    2.756e-03    2.890e-01
   1.320e+21    2.010e+04    4.163e-03    3.471e-01
   1.320e+21    2.113e+04    6.182e-03    4.139e-01
   1.320e+21    2.221e+04    9.033e-03    4.900e-01
   1.320e+21    2.334e+04    1.299e-02    5.766e-01
   1.320e+21    2.454e+04    1.841e-02    6.748e-01
   1.320e+21    2.580e+04    2.571e-02    7.861e-01
   1.320e+21    2.712e+04    3.541e-02    9.127e-01
   1.320e+21    2.850e+04    4.813e-02    1.057e+00
   1.320e+21    2.996e+04    6.458e-02    1.222e+00
   1.320e+21    3.150e+04    8.558e-02    1.413e+00
   1.320e+21    3.311e+04    1.121e-01    1.635e+00
   1.320e+21    3.480e+04    1.450e-01    1.896e+00
   1.320e+21    3.658e+04    1.855e-01    2.203e+00
   1.320e+21    3.846e+04    2.344e-01    2.567e+00
   1.320e+21    4.042e+04    2.925e-01    2.996e+00
   1.320e+21    4.249e+04    3.597e-01    3.497e+00
   1.320e+21    4.467e+04    4.345e-01    4.062e+00
   1.320e+21    4.695e+04    5.134e-01    4.667e+00
   1.320e+21    4.936e+04    5.910e-01    5.263e+00
   1.320e+21    5.188e+04    6.616e-01    5.798e+00
   1.320e+21    5.454e+04    7.222e-01    6.234e+00
   1.320e+21    5.733e+04    7.720e-01    6.562e+00
   1.320e+21    6.026e+04    8.124e-01    6.790e+00
   1.320e+21    6.335e+04    8.449e-01    6.937e+00
   1.320e+21    6.659e+04    8.711e-01    7.017e+00
   1.320e+21    7.000e+04    8.924e-01    7.045e+00
   1.491e+21    5.000e+02    8.603e-09    3.342e-03
   1.491e+21    5.256e+02    8.603e-09    3.260e-03
   1.491e+21    5.525e+02    8.603e-09    3.179e-03
   1.491e+21    5.808e+02    8.603e-09    3.101e-03
   1.491e+21    6.105e+02    8.603e-09    3.025e-03
   1.491e+21    6.417e+02    8.603e-09    2.950e-03
   1.491e+21    6.746e+02    8.609e-09    2.878e-03
   1.491e+21    7.091e+02    8.620e-09    2.809e-03
   1.491e+21    7.454e+02    8.620e-09    2.740e-03
   1.491e+21    7.836e+02    8.620e-09    2.672e-03
   1.491e+21    8.237e+02    8.620e-09    2.606e-03
   1.491e+21    8.658e+02    8.620e-09    2.542e-03
   1.491e+21    9.101e+02    8.620e-09    2.480e-03
   1.491e+21    9.567e+02    8.620e-09    2.418e-03
   1.491e+21    1.006e+03    8.620e-09    2.359e-03
   1.491e+21    1.057e+03    8.620e-09    2.301e-03
   1.491e+21    1.111e+03    8.620e-09    2.244e-03
   1.491e+21    1.168e+03    8.620e-09    2.189e-03
   1.491e+21    1.228e+03    8.620e-09    2.135e-03
   1.491e+21    1.291e+03    8.620e-09    2.082e-03
   1.491e+21    1.357e+03    8.620e-09    2.031e-03
   1.491e+21    1.426e+03    8.639e-09    1.983e-03
   1.491e+21    1.499e+03    8.652e-09    1.935e-03
   1.491e+21    1.576e+03    8.652e-09    1.888e-03
   1.491e+21    1.657e+03    8.652e-09    1.841e-03
   1.491e+21    1.741e+03    8.652e-09    1.796e-03
   1.491e+21    1.831e+03    8.652e-09    1.752e-03
   1.491e+21    1.924e+03    8.652e-09    1.708e-03
   1.491e+21    2.023e+03    8.652e-09    1.666e-03
   1.491e+21    2.126e+03    8.652e-09    1.625e-03
   1.491e+21    2.235e+03    8.652e-09    1.585e-03
   1.491e+21    2.350e+03    8.652e-09    1.546e-03
   1.491e+21    2.470e+03    8.652e-09    1.508e-03
   1.491e+21    2.596e+03    8.644e-09    1.470e-03
   1.491e+21    2.729e+03    8.667e-09    1.436e-03
   1.491e+21    2.869e+03    8.668e-09    1.401e-03
   1.491e+21    3.016e+03    8.669e-09    1.366e-03
   1.491e+21    3.170e+03    8.669e-09    1.332e-03
   1.491e+21    3.332e+03    8.669e-09    1.300e-03
   1.491e+21    3.503e+03    8.669e-09    1.267e-03
   1.491e+21    3.682e+03    8.669e-09    1.236e-03
   1.491e+21    3.871e+03    8.669e-09    1.206e-03
   1.491e+21    4.069e+03    8.669e-09    1.176e-03
   1.491e+21    4.277e+03    8.676e-09    1.148e-03
   1.491e+21    4.496e+03    8.671e-09    1.119e-03
   1.491e+21    4.726e+03    8.676e-09    1.092e-03
   1.491e+21    4.968e+03    8.677e-09    1.065e-03
   1.491e+21    5.222e+03    8.677e-09    1.039e-03
   1.491e+21    5.489e+03    8.678e-09    1.013e-03
   1.491e+21    5.770e+03    8.678e-09    9.881e-04
   1.491e+21    6.066e+03    8.678e-09    9.637e-04
   1.491e+21    6.376e+03    8.687e-09    9.405e-04
   1.491e+21    6.702e+03    8.755e-09    9.209e-04
   1.491e+21    7.045e+03    9.226e-09    9.220e-04
   1.491e+21    7.406e+03    1.232e-08    1.039e-03
   1.491e+21    7.785e+03    2.517e-08    1.449e-03
   1.491e+21    8.184e+03    6.028e-08    2.187e-03
   1.491e+21    8.602e+03    1.442e-07    3.298e-03
   1.491e+21    9.043e+03    3.343e-07    4.899e-03
   1.491e+21    9.506e+03    7.476e-07    7.145e-03
   1.491e+21    9.992e+03    1.613e-06    1.024e-02
   1.491e+21    1.050e+04    3.361e-06    1.441e-02
   1.491e+21    1.104e+04    6.777e-06    1.996e-02
   1.491e+21    1.161e+04    1.324e-05    2.721e-02
   1.491e+21    1.220e+04    2.510e-05    3.655e-02
   1.491e+21    1.282e+04    4.625e-05    4.839e-02
   1.491e+21    1.348e+04    8.297e-05    6.322e-02
   1.491e+21    1.417e+04    1.451e-04    8.154e-02
   1.491e+21    1.490e+04    2.476e-04    1.039e-01
   1.491e+21    1.566e+04    4.131e-04    1.309e-01
   1.491e+21    1.646e+04    6.742e-04    1.632e-01
   1.491e+21    1.730e+04    1.078e-03    2.014e-01
   1.491e+21    1.819e+04    1.690e-03    2.462e-01
   1.491e+21    1.912e+04    2.600e-03    2.983e-01
   1.491e+21    2.010e+04    3.930e-03    3.584e-01
   1.491e+21    2.113e+04    5.839e-03    4.273e-01
   1.491e+21    2.221e+04    8.535e-03    5.059e-01
   1.491e+21    2.334e+04    1.228e-02    5.953e-01
   1.491e+21    2.454e+04    1.742e-02    6.966e-01
   1.491e+21    2.580e+04    2.434e-02    8.115e-01
   1.491e+21    2.712e+04    3.356e-02    9.418e-01
   1.491e+21    2.850e+04    4.565e-02    1.090e+00
   1.491e+21    2.996e+04    6.131e-02    1.260e+00
   1.491e+21    3.150e+04    8.134e-02    1.456e+00
   1.491e+21    3.311e+04    1.066e-01    1.683e+00
   1.491e+21    3.480e+04    1.382e-01    1.950e+00
   1.491e+21    3.658e+04    1.771e-01    2.264e+00
   1.491e+21    3.846e+04    2.243e-01    2.636e+00
   1.491e+21    4.042e+04    2.807e-01    3.078e+00
   1.491e+21    4.249e+04    3.465e-01    3.595e+00
   1.491e+21    4.467e+04    4.205e-01    4.186e+00
   1.491e+21    4.695e+04    4.996e-01    4.826e+00
   1.491e+21    4.936e+04    5.783e-01    5.468e+00
   1.491e+21    5.188e+04    6.506e-01    6.051e+00
   1.491e+21    5.454e+04    7.128e-01    6.530e+00
   1.491e+21    5.733e+04    7.641e-01    6.892e+00
   1.491e+21    6.026e+04    8.054e-01    7.145e+00
   1.491e+21    6.335e+04    8.387e-01    7.309e+00
   1.491e+21    6.659e+04    8.655e-01    7.401e+00
   1.491e+21    7.000e+04    8.873e-01    7.438e+00
   1.685e+21    5.000e+02    8.603e-09    3.552e-03
   1.685e+21    5.256e+02    8.603e-09    3.465e-03
   1.685e+21    5.525e+02    8.603e-09    3.379e-03
   1.685e+21    5.808e+02    8.603e-09    3.296e-03
   1.685e+21    6.105e+02    8.603e-09    3.215e-03
   1.685e+21    6.417e+02    8.603e-09    3.136e-03
   1.685e+21    6.746e+02    8.603e-09    3.058e-03
   1.685e+21    7.091e+02    8.603e-09    2.983e-03
   1.685e+21    7.454e+02    8.603e-09    2.909e-03
   1.685e+21    7.836e+02    8.620e-09    2.841e-03
   1.685e+21    8.237e+02    8.620e-09    2.771e-03
   1.685e+21    8.658e+02    8.620e-09    2.702e-03
   1.685e+21    9.101e+02    8.620e-09    2.636e-03
   1.685e+21    9.567e+02    8.620e-09    2.571e-03
   1.685e+21    1.006e+03    8.620e-09    2.507e-03
   1.685e+21    1.057e+03    8.620e-09    2.446e-03
   1.685e+21    1.111e+03    8.620e-09    2.385e-03
   1.685e+21    1.168e+03    8.620e-09    2.326e-03
   1.685e+21    1.228e+03    8.620e-09    2.269e-03
   1.685e+21    1.291e+03    8.620e-09    2.213e-03
   1.685e+21    1.357e+03    8.620e-09    2.159e-03
   1.685e+21    1.426e+03    8.620e-09    2.105e-03
   1.685e+21    1.499e+03    8.620e-09    2.054e-03
   1.685e+21    1.576e+03    8.620e-09    2.003e-03
   1.685e+21    1.657e+03    8.649e-09    1.957e-03
   1.685e+21    1.741e+03    8.652e-09    1.909e-03
   1.685e+21    1.831e+03    8.652e-09    1.862e-03
   1.685e+21    1.924e+03    8.652e-09    1.816e-03
   1.685e+21    2.023e+03    8.652e-09    1.771e-03
   1.685e+21    2.126e+03    8.652e-09    1.728e-03
   1.685e+21    2.235e+03    8.652e-09    1.685e-03
   1.685e+21    2.350e+03    8.652e-09    1.643e-03
   1.685e+21    2.470e+03    8.652e-09    1.603e-03
   1.685e+21    2.596e+03    8.652e-09    1.563e-03
   1.685e+21    2.729e+03    8.652e-09    1.525e-03
   1.685e+21    2.869e+03    8.652e-09    1.487e-03
   1.685e+21    3.016e+03    8.658e-09    1.451e-03
   1.685e+21    3.170e+03    8.667e-09    1.416e-03
   1.685e+21    3.332e+03    8.668e-09    1.381e-03
   1.685e+21    3.503e+03    8.669e-09    1.347e-03
   1.685e+21    3.682e+03    8.669e-09    1.314e-03
   1.685e+21    3.871e+03    8.669e-09    1.282e-03
   1.685e+21    4.069e+03    8.669e-09    1.250e-03
   1.685e+21    4.277e+03    8.669e-09    1.219e-03
   1.685e+21    4.496e+03    8.669e-09    1.189e-03
   1.685e+21    4.726e+03    8.669e-09    1.160e-03
   1.685e+21    4.968e+03    8.653e-09    1.130e-03
   1.685e+21    5.222e+03    8.672e-09    1.104e-03
   1.685e+21    5.489e+03    8.676e-09    1.077e-03
   1.685e+21    5.770e+03    8.677e-09    1.050e-03
   1.685e+21    6.066e+03    8.678e-09    1.024e-03
   1.685e+21    6.376e+03    8.683e-09    9.994e-04
   1.685e+21    6.702e+03    8.734e-09    9.776e-04
   1.685e+21    7.045e+03    9.194e-09    9.784e-04
   1.685e+21    7.406e+03    1.194e-08    1.087e-03
   1.685e+21    7.785e+03    2.387e-08    1.500e-03
   1.685e+21    8.184e+03    5.681e-08    2.257e-03
   1.685e+21    8.602e+03    1.357e-07    3.402e-03
   1.685e+21    9.043e+03    3.146e-07    5.051e-03
   1.685e+21    9.506e+03    7.035e-07    7.368e-03
   1.685e+21    9.992e+03    1.518e-06    1.056e-02
   1.685e+21    1.050e+04    3.163e-06    1.486e-02
   1.685e+21    1.104e+04    6.377e-06    2.058e-02
   1.685e+21    1.161e+04    1.246e-05    2.806e-02
   1.685e+21    1.220e+04    2.362e-05    3.769e-02
   1.685e+21    1.282e+04    4.354e-05    4.991e-02
   1.685e+21    1.348e+04    7.812e-05    6.520e-02
   1.685e+21    1.417e+04    1.366e-04    8.411e-02
   1.685e+21    1.490e+04    2.333e-04    1.072e-01
   1.685e+21    1.566e+04    3.892e-04    1.351e-01
   1.685e+21    1.646e+04    6.355e-04    1.684e-01
   1.685e+21    1.730e+04    1.016e-03    2.079e-01
   1.685e+21    1.819e+04    1.594e-03    2.541e-01
   1.685e+21    1.912e+04    2.453e-03    3.079e-01
   1.685e+21    2.010e+04    3.710e-03    3.700e-01
   1.685e+21    2.113e+04    5.515e-03    4.412e-01
   1.685e+21    2.221e+04    8.067e-03    5.224e-01
   1.685e+21    2.334e+04    1.162e-02    6.147e-01
   1.685e+21    2.454e+04    1.648e-02    7.193e-01
   1.685e+21    2.580e+04    2.305e-02    8.378e-01
   1.685e+21    2.712e+04    3.180e-02    9.721e-01
   1.685e+21    2.850e+04    4.330e-02    1.125e+00
   1.685e+21    2.996e+04    5.822e-02    1.300e+00
   1.685e+21    3.150e+04    7.732e-02    1.500e+00
   1.685e+21    3.311e+04    1.015e-01    1.734e+00
   1.685e+21    3.480e+04    1.317e-01    2.006e+00
   1.685e+21    3.658e+04    1.691e-01    2.328e+00
   1.685e+21    3.846e+04    2.147e-01    2.709e+00
   1.685e+21    4.042e+04    2.694e-01    3.162e+00
   1.685e+21    4.249e+04    3.338e-01    3.697e+00
   1.685e+21    4.467e+04    4.070e-01    4.314e+00
   1.685e+21    4.695e+04    4.862e-01    4.993e+00
   1.685e+21    4.936e+04    5.660e-01    5.684e+00
   1.685e+21    5.188e+04    6.401e-01    6.319e+00
   1.685e+21    5.454e+04    7.040e-01    6.845e+00
   1.685e+21    5.733e+04    7.566e-01    7.243e+00
   1.685e+21    6.026e+04    7.989e-01    7.523e+00
   1.685e+21    6.335e+04    8.328e-01    7.705e+00
   1.685e+21    6.659e+04    8.602e-01    7.810e+00
   1.685e+21    7.000e+04    8.825e-01    7.854e+00
   1.903e+21    5.000e+02    8.603e-09    3.776e-03
   1.903e+21    5.256e+02    8.603e-09    3.683e-03
   1.903e+21    5.525e+02    8.603e-09    3.592e-03
   1.903e+21    5.808e+02    8.603e-09    3.504e-03
   1.903e+21    6.105e+02    8.603e-09    3.417e-03
   1.903e+21    6.417e+02    8.603e-09    3.333e-03
   1.903e+21    6.746e+02    8.603e-09    3.251e-03
   1.903e+21    7.091e+02    8.603e-09    3.171e-03
   1.903e+21    7.454e+02    8.603e-09    3.093e-03
   1.903e+21    7.836e+02    8.603e-09    3.016e-03
   1.903e+21    8.237e+02    8.603e-09    2.942e-03
   1.903e+21    8.658e+02    8.599e-09    2.869e-03
   1.903e+21    9.101e+02    8.620e-09    2.802e-03
   1.903e+21    9.567e+02    8.620e-09    2.732e-03
   1.903e+21    1.006e+03    8.620e-09    2.665e-03
   1.903e+21    1.057e+03    8.620e-09    2.599e-03
   1.903e+21    1.111e+03    8.620e-09    2.535e-03
   1.903e+21    1.168e+03    8.620e-09    2.473e-03
   1.903e+21    1.228e+03    8.620e-09    2.412e-03
   1.903e+21    1.291e+03    8.620e-09    2.352e-03
   1.903e+21    1.357e+03    8.620e-09    2.294e-03
   1.903e+21    1.426e+03    8.620e-09    2.238e-03
   1.903e+21    1.499e+03    8.620e-09    2.183e-03
   1.903e+21    1.576e+03    8.620e-09    2.129e-03
   1.903e+21    1.657e+03    8.620e-09    2.076e-03
   1.903e+21    1.741e+03    8.620e-09    2.025e-03
   1.903e+21    1.831e+03    8.615e-09    1.975e-03
   1.903e+21    1.924e+03    8.651e-09    1.930e-03
   1.903e+21    2.023e+03    8.652e-09    1.883e-03
   1.903e+21    2.126e+03    8.652e-09    1.836e-03
   1.903e+21    2.235e+03    8.652e-09    1.791e-03
   1.903e+21    2.350e+03    8.652e-09    1.747e-03
   1.903e+21    2.470e+03    8.652e-09    1.704e-03
   1.903e+21    2.596e+03    8.652e-09    1.662e-03
   1.903e+21    2.729e+03    8.652e-09    1.621e-03
   1.903e+21    2.869e+03    8.652e-09    1.581e-03
   1.903e+21    3.016e+03    8.652e-09    1.542e-03
   1.903e+21    3.170e+03    8.652e-09    1.504e-03
   1.903e+21    3.332e+03    8.634e-09    1.465e-03
   1.903e+21    3.503e+03    8.662e-09    1.432e-03
   1.903e+21    3.682e+03    8.667e-09    1.397e-03
   1.903e+21    3.871e+03    8.668e-09    1.362e-03
   1.903e+21    4.069e+03    8.669e-09    1.329e-03
   1.903e+21    4.277e+03    8.669e-09    1.296e-03
   1.903e+21    4.496e+03    8.669e-09    1.264e-03
   1.903e+21    4.726e+03    8.669e-09    1.233e-03
   1.903e+21    4.968e+03    8.669e-09    1.203e-03
   1.903e+21    5.222e+03    8.669e-09    1.173e-03
   1.903e+21    5.489e+03    8.658e-09    1.143e-03
   1.903e+21    5.770e+03    8.659e-09    1.115e-03
   1.903e+21    6.066e+03    8.672e-09    1.088e-03
   1.903e+21    6.376e+03    8.680e-09    1.062e-03
   1.903e+21    6.702e+03    8.726e-09    1.039e-03
   1.903e+21    7.045e+03    9.141e-09    1.037e-03
   1.903e+21    7.406e+03    1.162e-08    1.140e-03
   1.903e+21    7.785e+03    2.266e-08    1.553e-03
   1.903e+21    8.184e+03    5.355e-08    2.329e-03
   1.903e+21    8.602e+03    1.278e-07    3.509e-03
   1.903e+21    9.043e+03    2.960e-07    5.209e-03
   1.903e+21    9.506e+03    6.620e-07    7.597e-03
   1.903e+21    9.992e+03    1.428e-06    1.088e-02
   1.903e+21    1.050e+04    2.977e-06    1.533e-02
   1.903e+21    1.104e+04    6.002e-06    2.122e-02
   1.903e+21    1.161e+04    1.173e-05    2.894e-02
   1.903e+21    1.220e+04    2.224e-05    3.887e-02
   1.903e+21    1.282e+04    4.099e-05    5.147e-02
   1.903e+21    1.348e+04    7.356e-05    6.725e-02
   1.903e+21    1.417e+04    1.287e-04    8.676e-02
   1.903e+21    1.490e+04    2.197e-04    1.106e-01
   1.903e+21    1.566e+04    3.668e-04    1.394e-01
   1.903e+21    1.646e+04    5.990e-04    1.738e-01
   1.903e+21    1.730e+04    9.583e-04    2.145e-01
   1.903e+21    1.819e+04    1.504e-03    2.623e-01
   1.903e+21    1.912e+04    2.315e-03    3.179e-01
   1.903e+21    2.010e+04    3.503e-03    3.820e-01
   1.903e+21    2.113e+04    5.210e-03    4.556e-01
   1.903e+21    2.221e+04    7.625e-03    5.395e-01
   1.903e+21    2.334e+04    1.099e-02    6.349e-01
   1.903e+21    2.454e+04    1.560e-02    7.429e-01
   1.903e+21    2.580e+04    2.184e-02    8.651e-01
   1.903e+21    2.712e+04    3.015e-02    1.004e+00
   1.903e+21    2.850e+04    4.109e-02    1.161e+00
   1.903e+21    2.996e+04    5.529e-02    1.341e+00
   1.903e+21    3.150e+04    7.352e-02    1.547e+00
   1.903e+21    3.311e+04    9.663e-02    1.786e+00
   1.903e+21    3.480e+04    1.256e-01    2.065e+00
   1.903e+21    3.658e+04    1.615e-01    2.395e+00
   1.903e+21    3.846e+04    2.055e-01    2.786e+00
   1.903e+21    4.042e+04    2.586e-01    3.251e+00
   1.903e+21    4.249e+04    3.216e-01    3.804e+00
   1.903e+21    4.467e+04    3.939e-01    4.449e+00
   1.903e+21    4.695e+04    4.732e-01    5.168e+00
   1.903e+21    4.936e+04    5.543e-01    5.912e+00
   1.903e+21    5.188e+04    6.303e-01    6.604e+00
   1.903e+21    5.454e+04    6.959e-01    7.181e+00
   1.903e+21    5.733e+04    7.497e-01    7.619e+00
   1.903e+21    6.026e+04    7.929e-01    7.927e+00
   1.903e+21    6.335e+04    8.275e-01    8.128e+00
   1.903e+21    6.659e+04    8.553e-01    8.244e+00
   1.903e+21    7.000e+04    8.779e-01    8.296e+00
   2.150e+21    5.000e+02    8.603e-09    4.014e-03
   2.150e+21    5.256e+02    8.603e-09    3.915e-03
   2.150e+21    5.525e+02    8.603e-09    3.818e-03
   2.150e+21    5.808e+02    8.603e-09    3.724e-03
   2.150e+21    6.105e+02    8.603e-09    3.632e-03
   2.150e+21    6.417e+02    8.603e-09    3.543e-03
   2.150e+21    6.746e+02    8.603e-09    3.455e-03
   2.150e+21    7.091e+02    8.603e-09    3.370e-03
   2.150e+21    7.454e+02    8.603e-09    3.287e-03
   2.150e+21    7.836e+02    8.603e-09    3.206e-03
   2.150e+21    8.237e+02    8.603e-09    3.127e-03
   2.150e+21    8.658e+02    8.603e-09    3.050e-03
   2.150e+21    9.101e+02    8.603e-09    2.975e-03
   2.150e+21    9.567e+02    8.603e-09    2.902e-03
   2.150e+21    1.006e+03    8.619e-09    2.833e-03
   2.150e+21    1.057e+03    8.620e-09    2.763e-03
   2.150e+21    1.111e+03    8.620e-09    2.695e-03
   2.150e+21    1.168e+03    8.620e-09    2.628e-03
   2.150e+21    1.228e+03    8.620e-09    2.564e-03
   2.150e+21    1.291e+03    8.620e-09    2.500e-03
   2.150e+21    1.357e+03    8.620e-09    2.439e-03
   2.150e+21    1.426e+03    8.620e-09    2.379e-03
   2.150e+21    1.499e+03    8.620e-09    2.320e-03
   2.150e+21    1.576e+03    8.620e-09    2.263e-03
   2.150e+21    1.657e+03    8.620e-09    2.207e-03
   2.150e+21    1.741e+03    8.620e-09    2.153e-03
   2.150e+21    1.831e+03    8.620e-09    2.100e-03
   2.150e+21    1.924e+03    8.620e-09    2.048e-03
   2.150e+21    2.023e+03    8.620e-09    1.997e-03
   2.150e+21    2.126e+03    8.643e-09    1.951e-03
   2.150e+21    2.235e+03    8.651e-09    1.904e-03
   2.150e+21    2.350e+03    8.652e-09    1.857e-03
   2.150e+21    2.470e+03    8.652e-09    1.811e-03
   2.150e+21    2.596e+03    8.652e-09    1.766e-03
   2.150e+21    2.729e+03    8.652e-09    1.723e-03
   2.150e+21    2.869e+03    8.652e-09    1.680e-03
   2.150e+21    3.016e+03    8.652e-09    1.639e-03
   2.150e+21    3.170e+03    8.652e-09    1.599e-03
   2.150e+21    3.332e+03    8.652e-09    1.559e-03
   2.150e+21    3.503e+03    8.652e-09    1.521e-03
   2.150e+21    3.682e+03    8.652e-09    1.483e-03
   2.150e+21    3.871e+03    8.636e-09    1.445e-03
   2.150e+21    4.069e+03    8.663e-09    1.412e-03
   2.150e+21    4.277e+03    8.667e-09    1.377e-03
   2.150e+21    4.496e+03    8.668e-09    1.344e-03
   2.150e+21    4.726e+03    8.668e-09    1.310e-03
   2.150e+21    4.968e+03    8.669e-09    1.278e-03
   2.150e+21    5.222e+03    8.669e-09    1.247e-03
   2.150e+21    5.489e+03    8.669e-09    1.216e-03
   2.150e+21    5.770e+03    8.669e-09    1.186e-03
   2.150e+21    6.066e+03    8.669e-09    1.157e-03
   2.150e+21    6.376e+03    8.651e-09    1.127e-03
   2.150e+21    6.702e+03    8.706e-09    1.103e-03
   2.150e+21    7.045e+03    9.088e-09    1.099e-03
   2.150e+21    7.406e+03    1.132e-08    1.196e-03
   2.150e+21    7.785e+03    2.152e-08    1.609e-03
   2.150e+21    8.184e+03    5.049e-08    2.403e-03
   2.150e+21    8.602e+03    1.203e-07    3.618e-03
   2.150e+21    9.043e+03    2.786e-07    5.371e-03
   2.150e+21    9.506e+03    6.229e-07    7.833e-03
   2.150e+21    9.992e+03    1.344e-06    1.122e-02
   2.150e+21    1.050e+04    2.801e-06    1.580e-02
   2.150e+21    1.104e+04    5.648e-06    2.189e-02
   2.150e+21    1.161e+04    1.104e-05    2.984e-02
   2.150e+21    1.220e+04    2.093e-05    4.008e-02
   2.150e+21    1.282e+04    3.859e-05    5.308e-02
   2.150e+21    1.348e+04    6.927e-05    6.937e-02
   2.150e+21    1.417e+04    1.212e-04    8.950e-02
   2.150e+21    1.490e+04    2.070e-04    1.141e-01
   2.150e+21    1.566e+04    3.456e-04    1.438e-01
   2.150e+21    1.646e+04    5.646e-04    1.794e-01
   2.150e+21    1.730e+04    9.037e-04    2.214e-01
   2.150e+21    1.819e+04    1.418e-03    2.708e-01
   2.150e+21    1.912e+04    2.185e-03    3.282e-01
   2.150e+21    2.010e+04    3.307e-03    3.945e-01
   2.150e+21    2.113e+04    4.922e-03    4.705e-01
   2.150e+21    2.221e+04    7.208e-03    5.572e-01
   2.150e+21    2.334e+04    1.039e-02    6.558e-01
   2.150e+21    2.454e+04    1.477e-02    7.673e-01
   2.150e+21    2.580e+04    2.069e-02    8.936e-01
   2.150e+21    2.712e+04    2.859e-02    1.036e+00
   2.150e+21    2.850e+04    3.899e-02    1.199e+00
   2.150e+21    2.996e+04    5.253e-02    1.383e+00
   2.150e+21    3.150e+04    6.992e-02    1.596e+00
   2.150e+21    3.311e+04    9.202e-02    1.841e+00
   2.150e+21    3.480e+04    1.198e-01    2.127e+00
   2.150e+21    3.658e+04    1.543e-01    2.465e+00
   2.150e+21    3.846e+04    1.968e-01    2.866e+00
   2.150e+21    4.042e+04    2.483e-01    3.345e+00
   2.150e+21    4.249e+04    3.098e-01    3.917e+00
   2.150e+21    4.467e+04    3.813e-01    4.590e+00
   2.150e+21    4.695e+04    4.608e-01    5.352e+00
   2.150e+21    4.936e+04    5.432e-01    6.154e+00
   2.150e+21    5.188e+04    6.211e-01    6.910e+00
   2.150e+21    5.454e+04    6.886e-01    7.544e+00
   2.150e+21    5.733e+04    7.437e-01    8.024e+00
   2.150e+21    6.026e+04    7.876e-01    8.361e+00
   2.150e+21    6.335e+04    8.226e-01    8.580e+00
   2.150e+21    6.659e+04    8.508e-01    8.708e+00
   2.150e+21    7.000e+04    8.736e-01    8.767e+00
   2.430e+21    5.000e+02    8.603e-09    4.266e-03
   2.430e+21    5.256e+02    8.603e-09    4.161e-03
   2.430e+21    5.525e+02    8.603e-09    4.058e-03
   2.430e+21    5.808e+02    8.603e-09    3.958e-03
   2.430e+21    6.105e+02    8.603e-09    3.861e-03
   2.430e+21    6.417e+02    8.603e-09    3.766e-03
   2.430e+21    6.746e+02    8.603e-09    3.673e-03
   2.430e+21    7.091e+02    8.603e-09    3.582e-03
   2.430e+21    7.454e+02    8.603e-09    3.494e-03
   2.430e+21    7.836e+02    8.603e-09    3.408e-03
   2.430e+21    8.237e+02    8.603e-09    3.324e-03
   2.430e+21    8.658e+02    8.603e-09    3.242e-03
   2.430e+21    9.101e+02    8.603e-09    3.162e-03
   2.430e+21    9.567e+02    8.603e-09    3.084e-03
   2.430e+21    1.006e+03    8.603e-09    3.008e-03
   2.430e+21    1.057e+03    8.603e-09    2.934e-03
   2.430e+21    1.111e+03    8.573e-09    2.857e-03
   2.430e+21    1.168e+03    8.620e-09    2.794e-03
   2.430e+21    1.228e+03    8.620e-09    2.725e-03
   2.430e+21    1.291e+03    8.620e-09    2.658e-03
   2.430e+21    1.357e+03    8.620e-09    2.592e-03
   2.430e+21    1.426e+03    8.620e-09    2.528e-03
   2.430e+21    1.499e+03    8.620e-09    2.466e-03
   2.430e+21    1.576e+03    8.620e-09    2.405e-03
   2.430e+21    1.657e+03    8.620e-09    2.346e-03
   2.430e+21    1.741e+03    8.620e-09    2.288e-03
   2.430e+21    1.831e+03    8.620e-09    2.232e-03
   2.430e+21    1.924e+03    8.620e-09    2.177e-03
   2.430e+21    2.023e+03    8.620e-09    2.123e-03
   2.430e+21    2.126e+03    8.620e-09    2.071e-03
   2.430e+21    2.235e+03    8.620e-09    2.020e-03
   2.430e+21    2.350e+03    8.630e-09    1.971e-03
   2.430e+21    2.470e+03    8.648e-09    1.925e-03
   2.430e+21    2.596e+03    8.652e-09    1.877e-03
   2.430e+21    2.729e+03    8.652e-09    1.831e-03
   2.430e+21    2.869e+03    8.652e-09    1.786e-03
   2.430e+21    3.016e+03    8.652e-09    1.742e-03
   2.430e+21    3.170e+03    8.652e-09    1.699e-03
   2.430e+21    3.332e+03    8.652e-09    1.657e-03
   2.430e+21    3.503e+03    8.652e-09    1.616e-03
   2.430e+21    3.682e+03    8.652e-09    1.577e-03
   2.430e+21    3.871e+03    8.652e-09    1.538e-03
   2.430e+21    4.069e+03    8.652e-09    1.500e-03
   2.430e+21    4.277e+03    8.652e-09    1.463e-03
   2.430e+21    4.496e+03    8.647e-09    1.426e-03
   2.430e+21    4.726e+03    8.663e-09    1.393e-03
   2.430e+21    4.968e+03    8.667e-09    1.358e-03
   2.430e+21    5.222e+03    8.668e-09    1.325e-03
   2.430e+21    5.489e+03    8.668e-09    1.292e-03
   2.430e+21    5.770e+03    8.668e-09    1.261e-03
   2.430e+21    6.066e+03    8.669e-09    1.230e-03
   2.430e+21    6.376e+03    8.673e-09    1.200e-03
   2.430e+21    6.702e+03    8.708e-09    1.172e-03
   2.430e+21    7.045e+03    8.999e-09    1.162e-03
   2.430e+21    7.406e+03    1.104e-08    1.256e-03
   2.430e+21    7.785e+03    2.044e-08    1.667e-03
   2.430e+21    8.184e+03    4.763e-08    2.481e-03
   2.430e+21    8.602e+03    1.133e-07    3.732e-03
   2.430e+21    9.043e+03    2.622e-07    5.538e-03
   2.430e+21    9.506e+03    5.862e-07    8.077e-03
   2.430e+21    9.992e+03    1.265e-06    1.157e-02
   2.430e+21    1.050e+04    2.636e-06    1.629e-02
   2.430e+21    1.104e+04    5.316e-06    2.257e-02
   2.430e+21    1.161e+04    1.039e-05    3.077e-02
   2.430e+21    1.220e+04    1.971e-05    4.134e-02
   2.430e+21    1.282e+04    3.634e-05    5.475e-02
   2.430e+21    1.348e+04    6.523e-05    7.155e-02
   2.430e+21    1.417e+04    1.142e-04    9.233e-02
   2.430e+21    1.490e+04    1.950e-04    1.177e-01
   2.430e+21    1.566e+04    3.257e-04    1.484e-01
   2.430e+21    1.646e+04    5.323e-04    1.851e-01
   2.430e+21    1.730e+04    8.523e-04    2.286e-01
   2.430e+21    1.819e+04    1.338e-03    2.795e-01
   2.430e+21    1.912e+04    2.063e-03    3.389e-01
   2.430e+21    2.010e+04    3.123e-03    4.074e-01
   2.430e+21    2.113e+04    4.651e-03    4.860e-01
   2.430e+21    2.221e+04    6.815e-03    5.756e-01
   2.430e+21    2.334e+04    9.834e-03    6.774e-01
   2.430e+21    2.454e+04    1.398e-02    7.927e-01
   2.430e+21    2.580e+04    1.960e-02    9.231e-01
   2.430e+21    2.712e+04    2.711e-02    1.071e+00
   2.430e+21    2.850e+04    3.702e-02    1.238e+00
   2.430e+21    2.996e+04    4.992e-02    1.428e+00
   2.430e+21    3.150e+04    6.652e-02    1.646e+00
   2.430e+21    3.311e+04    8.766e-02    1.898e+00
   2.430e+21    3.480e+04    1.143e-01    2.192e+00
   2.430e+21    3.658e+04    1.475e-01    2.538e+00
   2.430e+21    3.846e+04    1.885e-01    2.950e+00
   2.430e+21    4.042e+04    2.385e-01    3.443e+00
   2.430e+21    4.249e+04    2.986e-01    4.035e+00
   2.430e+21    4.467e+04    3.693e-01    4.738e+00
   2.430e+21    4.695e+04    4.490e-01    5.547e+00
   2.430e+21    4.936e+04    5.328e-01    6.413e+00
   2.430e+21    5.188e+04    6.129e-01    7.241e+00
   2.430e+21    5.454e+04    6.823e-01    7.938e+00
   2.430e+21    5.733e+04    7.386e-01    8.463e+00
   2.430e+21    6.026e+04    7.832e-01    8.829e+00
   2.430e+21    6.335e+04    8.185e-01    9.066e+00
   2.430e+21    6.659e+04    8.468e-01    9.205e+00
   2.430e+21    7.000e+04    8.698e-01    9.270e+00
   2.745e+21    5.000e+02    8.603e-09    4.535e-03
   2.745e+21    5.256e+02    8.603e-09    4.423e-03
   2.745e+21    5.525e+02    8.603e-09    4.314e-03
   2.745e+21    5.808e+02    8.603e-09    4.208e-03
   2.745e+21    6.105e+02    8.603e-09    4.104e-03
   2.745e+21    6.417e+02    8.603e-09    4.003e-03
   2.745e+21    6.746e+02    8.603e-09    3.904e-03
   2.745e+21    7.091e+02    8.603e-09    3.808e-03
   2.745e+21    7.454e+02    8.603e-09    3.714e-03
   2.745e+21    7.836e+02    8.603e-09    3.622e-03
   2.745e+21    8.237e+02    8.603e-09    3.533e-03
   2.745e+21    8.658e+02    8.603e-09    3.446e-03
   2.745e+21    9.101e+02    8.603e-09    3.361e-03
   2.745e+21    9.567e+02    8.603e-09    3.278e-03
   2.745e+21    1.006e+03    8.603e-09    3.197e-03
   2.745e+21    1.057e+03    8.603e-09    3.119e-03
   2.745e+21    1.111e+03    8.603e-09    3.042e-03
   2.745e+21    1.168e+03    8.603e-09    2.967e-03
   2.745e+21    1.228e+03    8.603e-09    2.894e-03
   2.745e+21    1.291e+03    8.617e-09    2.825e-03
   2.745e+21    1.357e+03    8.620e-09    2.755e-03
   2.745e+21    1.426e+03    8.620e-09    2.688e-03
   2.745e+21    1.499e+03    8.620e-09    2.621e-03
   2.745e+21    1.576e+03    8.620e-09    2.557e-03
   2.745e+21    1.657e+03    8.620e-09    2.494e-03
   2.745e+21    1.741e+03    8.620e-09    2.432e-03
   2.745e+21    1.831e+03    8.620e-09    2.372e-03
   2.745e+21    1.924e+03    8.620e-09    2.314e-03
   2.745e+21    2.023e+03    8.620e-09    2.257e-03
   2.745e+21    2.126e+03    8.620e-09    2.201e-03
   2.745e+21    2.235e+03    8.620e-09    2.147e-03
   2.745e+21    2.350e+03    8.620e-09    2.094e-03
   2.745e+21    2.470e+03    8.620e-09    2.042e-03
   2.745e+21    2.596e+03    8.620e-09    1.992e-03
   2.745e+21    2.729e+03    8.623e-09    1.943e-03
   2.745e+21    2.869e+03    8.649e-09    1.898e-03
   2.745e+21    3.016e+03    8.652e-09    1.852e-03
   2.745e+21    3.170e+03    8.652e-09    1.806e-03
   2.745e+21    3.332e+03    8.652e-09    1.762e-03
   2.745e+21    3.503e+03    8.652e-09    1.718e-03
   2.745e+21    3.682e+03    8.652e-09    1.676e-03
   2.745e+21    3.871e+03    8.652e-09    1.634e-03
   2.745e+21    4.069e+03    8.652e-09    1.594e-03
   2.745e+21    4.277e+03    8.652e-09    1.555e-03
   2.745e+21    4.496e+03    8.652e-09    1.517e-03
   2.745e+21    4.726e+03    8.652e-09    1.479e-03
   2.745e+21    4.968e+03    8.668e-09    1.444e-03
   2.745e+21    5.222e+03    8.651e-09    1.407e-03
   2.745e+21    5.489e+03    8.663e-09    1.373e-03
   2.745e+21    5.770e+03    8.666e-09    1.340e-03
   2.745e+21    6.066e+03    8.668e-09    1.307e-03
   2.745e+21    6.376e+03    8.672e-09    1.275e-03
   2.745e+21    6.702e+03    8.703e-09    1.246e-03
   2.745e+21    7.045e+03    8.961e-09    1.233e-03
   2.745e+21    7.406e+03    1.080e-08    1.320e-03
   2.745e+21    7.785e+03    1.941e-08    1.726e-03
   2.745e+21    8.184e+03    4.494e-08    2.562e-03
   2.745e+21    8.602e+03    1.066e-07    3.849e-03
   2.745e+21    9.043e+03    2.468e-07    5.711e-03
   2.745e+21    9.506e+03    5.517e-07    8.329e-03
   2.745e+21    9.992e+03    1.190e-06    1.193e-02
   2.745e+21    1.050e+04    2.481e-06    1.680e-02
   2.745e+21    1.104e+04    5.003e-06    2.327e-02
   2.745e+21    1.161e+04    9.778e-06    3.173e-02
   2.745e+21    1.220e+04    1.855e-05    4.263e-02
   2.745e+21    1.282e+04    3.421e-05    5.647e-02
   2.745e+21    1.348e+04    6.143e-05    7.380e-02
   2.745e+21    1.417e+04    1.075e-04    9.525e-02
   2.745e+21    1.490e+04    1.838e-04    1.215e-01
   2.745e+21    1.566e+04    3.070e-04    1.531e-01
   2.745e+21    1.646e+04    5.018e-04    1.910e-01
   2.745e+21    1.730e+04    8.038e-04    2.359e-01
   2.745e+21    1.819e+04    1.263e-03    2.886e-01
   2.745e+21    1.912e+04    1.947e-03    3.499e-01
   2.745e+21    2.010e+04    2.950e-03    4.207e-01
   2.745e+21    2.113e+04    4.396e-03    5.020e-01
   2.745e+21    2.221e+04    6.445e-03    5.946e-01
   2.745e+21    2.334e+04    9.306e-03    6.999e-01
   2.745e+21    2.454e+04    1.324e-02    8.191e-01
   2.745e+21    2.580e+04    1.858e-02    9.538e-01
   2.745e+21    2.712e+04    2.572e-02    1.106e+00
   2.745e+21    2.850e+04    3.515e-02    1.279e+00
   2.745e+21    2.996e+04    4.745e-02    1.475e+00
   2.745e+21    3.150e+04    6.331e-02    1.699e+00
   2.745e+21    3.311e+04    8.353e-02    1.959e+00
   2.745e+21    3.480e+04    1.091e-01    2.261e+00
   2.745e+21    3.658e+04    1.410e-01    2.616e+00
   2.745e+21    3.846e+04    1.806e-01    3.039e+00
   2.745e+21    4.042e+04    2.291e-01    3.547e+00
   2.745e+21    4.249e+04    2.879e-01    4.159e+00
   2.745e+21    4.467e+04    3.578e-01    4.895e+00
   2.745e+21    4.695e+04    4.377e-01    5.754e+00
   2.745e+21    4.936e+04    5.233e-01    6.692e+00
   2.745e+21    5.188e+04    6.058e-01    7.602e+00
   2.745e+21    5.454e+04    6.773e-01    8.369e+00
   2.745e+21    5.733e+04    7.348e-01    8.942e+00
   2.745e+21    6.026e+04    7.798e-01    9.338e+00
   2.745e+21    6.335e+04    8.153e-01    9.592e+00
   2.745e+21    6.659e+04    8.435e-01    9.739e+00
   2.745e+21    7.000e+04    8.665e-01    9.808e+00
